"event_id","stream_id","stream_position","global_position","event_type","event_version","payload","metadata","recorded_at"
"080ede2b-713f-409d-8d3d-7349aa1a9aa2","agent-agent-credit-0001-sess-credit-0001","1","1","AgentContextLoaded",1,"{""agent_id"": ""agent-credit-0001"", ""loaded_at"": ""2026-03-30 09:21:15.638590+00:00"", ""session_id"": ""sess-credit-0001"", ""model_version"": ""credit-v2.1"", ""context_source"": ""fresh"", ""context_token_count"": 4096, ""event_replay_from_position"": 0}","{""correlation_id"": ""corr-c92fc50a-0e08-4a70-b986-f060d22925b8"", ""schema_version"": 1}","2026-03-30 12:21:15.644908+03"
"f3541488-5a80-41c3-a7e4-f735806afab2","loan-APEX-COMMERCIAL-001","1","2","ApplicationSubmitted",1,"{""applicant_id"": ""borrower-0001"", ""loan_purpose"": ""Working capital"", ""submitted_at"": ""2026-03-30 09:21:15.656685+00:00"", ""application_id"": ""APEX-COMMERCIAL-001"", ""submission_channel"": ""broker"", ""requested_amount_usd"": ""1540975.0""}","{""correlation_id"": ""corr-604363fe-4ef6-4cc3-b510-5f70d4f6608f"", ""schema_version"": 1}","2026-03-30 12:21:15.657676+03"
"1d18af36-166c-4ddb-b8c4-dff3cfda479d","loan-APEX-COMMERCIAL-001","2","3","CreditAnalysisRequested",1,"{""priority"": ""HIGH"", ""requested_at"": ""2026-03-30 09:21:15.663096+00:00"", ""application_id"": ""APEX-COMMERCIAL-001"", ""assigned_agent_id"": ""agent-credit-0001""}","{""correlation_id"": ""corr-fc9751d7-0ca5-43f4-847a-9970592eec98"", ""schema_version"": 1}","2026-03-30 12:21:15.664398+03"
"8b653755-c335-4bcc-9495-b8c2ca93fbe2","agent-agent-credit-0001-sess-credit-0001","2","4","CreditAnalysisCompleted",2,"{""agent_id"": ""agent-credit-0001"", ""risk_tier"": ""LOW"", ""session_id"": ""sess-credit-0001"", ""completed_at"": ""2026-03-30 09:21:15.668970+00:00"", ""model_version"": ""credit-v2.1"", ""application_id"": ""APEX-COMMERCIAL-001"", ""input_data_hash"": ""c8c96f84c02e3829681ff48bcb89a15068429416fdfe470e4b6661717b3f3d61"", ""confidence_score"": 0.75, ""regulatory_basis"": ""REG-2026-Q1"", ""analysis_duration_ms"": 1109, ""recommended_limit_usd"": ""1271484.4""}","{""causation_id"": ""corr-2fa66cc8-86ba-48bb-a7db-206e0cc165bb"", ""correlation_id"": ""corr-2fa66cc8-86ba-48bb-a7db-206e0cc165bb"", ""schema_version"": 2}","2026-03-30 12:21:15.669966+03"
"d3c4385a-1498-490b-b08f-8ebedbc1c598","loan-APEX-COMMERCIAL-001","3","5","CreditAnalysisCompleted",2,"{""agent_id"": ""agent-credit-0001"", ""risk_tier"": ""LOW"", ""session_id"": ""sess-credit-0001"", ""completed_at"": ""2026-03-30 09:21:15.668970+00:00"", ""model_version"": ""credit-v2.1"", ""application_id"": ""APEX-COMMERCIAL-001"", ""input_data_hash"": ""c8c96f84c02e3829681ff48bcb89a15068429416fdfe470e4b6661717b3f3d61"", ""confidence_score"": 0.75, ""regulatory_basis"": ""REG-2026-Q1"", ""analysis_duration_ms"": 1109, ""recommended_limit_usd"": ""1271484.4""}","{""causation_id"": ""corr-2fa66cc8-86ba-48bb-a7db-206e0cc165bb"", ""correlation_id"": ""corr-2fa66cc8-86ba-48bb-a7db-206e0cc165bb"", ""schema_version"": 2}","2026-03-30 12:21:15.673234+03"
"ca9088a7-5609-4230-83cf-72b55be90c10","agent-agent-credit-0001-sess-credit-0001","3","6","FraudScreeningCompleted",1,"{""agent_id"": ""agent-credit-0001"", ""fraud_score"": 0.633, ""screened_at"": ""2026-03-30 09:21:15.681535+00:00"", ""anomaly_flags"": [], ""application_id"": ""APEX-COMMERCIAL-001"", ""input_data_hash"": ""04519589eabf475635f5fda4a9d593b2cbb41c2dd60d43e61996d156571d87c0"", ""screening_model_version"": ""fraud-v3.1""}","{""correlation_id"": ""corr-23aa0415-3a23-4e82-8610-c9c51693602a"", ""schema_version"": 1}","2026-03-30 12:21:15.683224+03"
"e2d0d005-31bf-4834-a259-e4e68138404f","loan-APEX-COMMERCIAL-001","4","7","FraudScreeningCompleted",1,"{""agent_id"": ""agent-credit-0001"", ""fraud_score"": 0.633, ""screened_at"": ""2026-03-30 09:21:15.681535+00:00"", ""anomaly_flags"": [], ""application_id"": ""APEX-COMMERCIAL-001"", ""input_data_hash"": ""04519589eabf475635f5fda4a9d593b2cbb41c2dd60d43e61996d156571d87c0"", ""screening_model_version"": ""fraud-v3.1""}","{""correlation_id"": ""corr-23aa0415-3a23-4e82-8610-c9c51693602a"", ""schema_version"": 1}","2026-03-30 12:21:15.690913+03"
"e34fb593-392a-4cb6-94be-2763d4d930e4","compliance-APEX-COMMERCIAL-001","1","8","ComplianceCheckRequested",1,"{""requested_at"": ""2026-03-30 09:21:15.697104+00:00"", ""application_id"": ""APEX-COMMERCIAL-001"", ""checks_required"": [""AML-001"", ""KYC-001"", ""SANCTIONS-001""], ""regulation_set_version"": ""REG-2026-Q1""}","{""correlation_id"": ""corr-39886dff-fd15-4b45-8a63-2ca4de4d2569"", ""schema_version"": 1}","2026-03-30 12:21:15.697984+03"
"2bcf781f-50e1-46e8-9adc-f9baff7b1552","loan-APEX-COMMERCIAL-001","5","9","ComplianceCheckRequested",1,"{""requested_at"": ""2026-03-30 09:21:15.697104+00:00"", ""application_id"": ""APEX-COMMERCIAL-001"", ""checks_required"": [""AML-001"", ""KYC-001"", ""SANCTIONS-001""], ""regulation_set_version"": ""REG-2026-Q1""}","{""correlation_id"": ""corr-39886dff-fd15-4b45-8a63-2ca4de4d2569"", ""schema_version"": 1}","2026-03-30 12:21:15.700805+03"
"5a1bed35-a2cc-428e-a667-769894e9c850","compliance-APEX-COMMERCIAL-001","2","10","ComplianceRulePassed",1,"{""rule_id"": ""AML-001"", ""rule_version"": ""v2.1"", ""evidence_hash"": ""2a1d303eba97bce4aeab10fdf0e07aaa8ec6fb52aae7b41c87a0433d516dc4cf"", ""application_id"": ""APEX-COMMERCIAL-001"", ""evaluation_timestamp"": ""2026-03-30 09:21:15.706080+00:00""}","{""correlation_id"": ""corr-e6997e98-3dff-4e13-a07c-278cc50a2517"", ""schema_version"": 1}","2026-03-30 12:21:15.707246+03"
"3d5e61ce-c5d6-4431-8af4-19743b2120ef","compliance-APEX-COMMERCIAL-001","3","11","ComplianceRulePassed",1,"{""rule_id"": ""KYC-001"", ""rule_version"": ""v1.8"", ""evidence_hash"": ""b85f07ff8461cb9245f93a4a332341d5366a9d10d36b76cd1e7640473feb46f6"", ""application_id"": ""APEX-COMMERCIAL-001"", ""evaluation_timestamp"": ""2026-03-30 09:21:15.712601+00:00""}","{""correlation_id"": ""corr-703b865b-4346-4ded-9ae4-75b62be7530b"", ""schema_version"": 1}","2026-03-30 12:21:15.713645+03"
"05fcfb58-e911-4e1f-bf17-dcc609305ed4","compliance-APEX-COMMERCIAL-001","4","12","ComplianceRulePassed",1,"{""rule_id"": ""SANCTIONS-001"", ""rule_version"": ""v3.0"", ""evidence_hash"": ""767be5ac90bc297b4c13c13d518d4bab547192c0010d7afdcc7001ce7bb4dbb9"", ""application_id"": ""APEX-COMMERCIAL-001"", ""evaluation_timestamp"": ""2026-03-30 09:21:15.715896+00:00""}","{""correlation_id"": ""corr-3c0cd0a0-a47f-4ef0-8a74-3616d9c446eb"", ""schema_version"": 1}","2026-03-30 12:21:15.716571+03"
"da3f3ae4-cee9-4a30-bde8-5831c01438eb","compliance-APEX-COMMERCIAL-001","5","13","ComplianceClearanceIssued",1,"{""issued_at"": ""2026-03-30 09:21:15.721588+00:00"", ""checks_passed"": [""AML-001"", ""KYC-001"", ""SANCTIONS-001""], ""application_id"": ""APEX-COMMERCIAL-001"", ""issuing_agent_id"": ""agent-compliance-001"", ""regulation_set_version"": ""REG-2026-Q1""}","{""correlation_id"": ""corr-81a87bd1-8d64-4e19-884e-c0389ba2ae48"", ""schema_version"": 1}","2026-03-30 12:21:15.722577+03"
"f039007f-00d4-4ff2-94a0-b38053cbc978","loan-APEX-COMMERCIAL-001","6","14","ComplianceClearanceIssued",1,"{""issued_at"": ""2026-03-30 09:21:15.721588+00:00"", ""checks_passed"": [""AML-001"", ""KYC-001"", ""SANCTIONS-001""], ""application_id"": ""APEX-COMMERCIAL-001"", ""issuing_agent_id"": ""agent-compliance-001"", ""regulation_set_version"": ""REG-2026-Q1""}","{""correlation_id"": ""corr-81a87bd1-8d64-4e19-884e-c0389ba2ae48"", ""schema_version"": 1}","2026-03-30 12:21:15.730281+03"
"d080aa39-1e70-4738-b6a2-a3b3e568c8b7","agent-agent-orch-0001-sess-orch-0001","1","15","AgentContextLoaded",1,"{""agent_id"": ""agent-orch-0001"", ""loaded_at"": ""2026-03-30 09:21:15.733987+00:00"", ""session_id"": ""sess-orch-0001"", ""model_version"": ""orch-v1.0"", ""context_source"": ""fresh"", ""context_token_count"": 2048, ""event_replay_from_position"": 0}","{""correlation_id"": ""corr-cf5a39ab-e68f-4b8d-8194-fcdd6cd23f55"", ""schema_version"": 1}","2026-03-30 12:21:15.73579+03"
"0e65a538-c7e2-4eb5-9550-931b32410f04","loan-APEX-COMMERCIAL-012","2","199","CreditAnalysisRequested",1,"{""priority"": ""HIGH"", ""requested_at"": ""2026-03-30 09:21:16.557852+00:00"", ""application_id"": ""APEX-COMMERCIAL-012"", ""assigned_agent_id"": ""agent-credit-0012""}","{""correlation_id"": ""corr-b030052e-7d77-41b7-82f0-7c79932a0929"", ""schema_version"": 1}","2026-03-30 12:21:16.558845+03"
"34d8cbec-ecfd-4ff2-bad8-3b5b872b89ca","loan-APEX-COMMERCIAL-001","7","16","DecisionGenerated",2,"{""generated_at"": ""2026-03-30 09:21:15.748034+00:00"", ""application_id"": ""APEX-COMMERCIAL-001"", ""model_versions"": {""credit"": ""credit-v2.1"", ""orchestrator"": ""orch-v1.0""}, ""recommendation"": ""APPROVE"", ""confidence_score"": 0.75, ""orchestrator_agent_id"": ""agent-orch-0001"", ""decision_basis_summary"": ""Synthetic bulk simulation for dashboard."", ""contributing_agent_sessions"": [""agent-agent-credit-0001-sess-credit-0001""]}","{""correlation_id"": ""corr-1fd21c9e-3ab2-4e1e-88d3-a66cb323a748"", ""schema_version"": 2}","2026-03-30 12:21:15.749029+03"
"4230dac4-3ba3-4488-ab02-315fdb816a7f","loan-APEX-COMMERCIAL-001","8","17","HumanReviewCompleted",1,"{""override"": false, ""reviewed_at"": ""2026-03-30 09:21:15.756021+00:00"", ""reviewer_id"": ""officer-0001"", ""application_id"": ""APEX-COMMERCIAL-001"", ""final_decision"": ""APPROVE"", ""override_reason"": null}","{""correlation_id"": ""corr-1c890af9-2e97-42e1-a4db-b9bed2198cee"", ""schema_version"": 1}","2026-03-30 12:21:15.757568+03"
"179aa28a-4e23-4ba4-92da-fbb869782be9","loan-APEX-COMMERCIAL-001","9","18","ApplicationApproved",1,"{""conditions"": [], ""approved_by"": ""officer-0001"", ""interest_rate"": 0.0, ""application_id"": ""APEX-COMMERCIAL-001"", ""effective_date"": ""2026-03-30 09:21:15.756050+00:00"", ""approved_amount_usd"": ""1271484.4""}","{""correlation_id"": ""corr-1c890af9-2e97-42e1-a4db-b9bed2198cee"", ""schema_version"": 1}","2026-03-30 12:21:15.759219+03"
"d3d50caa-4472-4dd3-9d4a-7975b2619a30","agent-agent-credit-0002-sess-credit-0002","1","19","AgentContextLoaded",1,"{""agent_id"": ""agent-credit-0002"", ""loaded_at"": ""2026-03-30 09:21:15.764429+00:00"", ""session_id"": ""sess-credit-0002"", ""model_version"": ""credit-v2.1"", ""context_source"": ""fresh"", ""context_token_count"": 4096, ""event_replay_from_position"": 0}","{""correlation_id"": ""corr-3d5c4422-27f5-4495-bffe-21b0eeb040c0"", ""schema_version"": 1}","2026-03-30 12:21:15.765838+03"
"deaf8dd1-d33a-4122-a5bd-3cda77cf9b0b","loan-APEX-COMMERCIAL-002","1","20","ApplicationSubmitted",1,"{""applicant_id"": ""borrower-0002"", ""loan_purpose"": ""Working capital"", ""submitted_at"": ""2026-03-30 09:21:15.770139+00:00"", ""application_id"": ""APEX-COMMERCIAL-002"", ""submission_channel"": ""broker"", ""requested_amount_usd"": ""382323.0""}","{""correlation_id"": ""corr-a5a8561a-0849-4012-8a2d-fdfa6a4bab66"", ""schema_version"": 1}","2026-03-30 12:21:15.772551+03"
"02d4749c-3a50-4488-b840-d1791f850015","loan-APEX-COMMERCIAL-002","2","21","CreditAnalysisRequested",1,"{""priority"": ""HIGH"", ""requested_at"": ""2026-03-30 09:21:15.778907+00:00"", ""application_id"": ""APEX-COMMERCIAL-002"", ""assigned_agent_id"": ""agent-credit-0002""}","{""correlation_id"": ""corr-81ab1913-e3ba-4471-b83a-e373583b0293"", ""schema_version"": 1}","2026-03-30 12:21:15.77956+03"
"30aee776-4045-4214-918b-dbc684568000","agent-agent-credit-0002-sess-credit-0002","2","22","CreditAnalysisCompleted",2,"{""agent_id"": ""agent-credit-0002"", ""risk_tier"": ""MEDIUM"", ""session_id"": ""sess-credit-0002"", ""completed_at"": ""2026-03-30 09:21:15.786191+00:00"", ""model_version"": ""credit-v2.1"", ""application_id"": ""APEX-COMMERCIAL-002"", ""input_data_hash"": ""427ae44050065035194c9758fc367aa1b70f71afd45ea94e1e8ff74c088e96a8"", ""confidence_score"": 0.71, ""regulatory_basis"": ""REG-2026-Q1"", ""analysis_duration_ms"": 2132, ""recommended_limit_usd"": ""321869.69""}","{""causation_id"": ""corr-c54b63c2-9943-45e6-a175-3ded16375966"", ""correlation_id"": ""corr-c54b63c2-9943-45e6-a175-3ded16375966"", ""schema_version"": 2}","2026-03-30 12:21:15.787169+03"
"50c2d542-7c16-4a66-8c18-9deed9196472","loan-APEX-COMMERCIAL-002","3","23","CreditAnalysisCompleted",2,"{""agent_id"": ""agent-credit-0002"", ""risk_tier"": ""MEDIUM"", ""session_id"": ""sess-credit-0002"", ""completed_at"": ""2026-03-30 09:21:15.786191+00:00"", ""model_version"": ""credit-v2.1"", ""application_id"": ""APEX-COMMERCIAL-002"", ""input_data_hash"": ""427ae44050065035194c9758fc367aa1b70f71afd45ea94e1e8ff74c088e96a8"", ""confidence_score"": 0.71, ""regulatory_basis"": ""REG-2026-Q1"", ""analysis_duration_ms"": 2132, ""recommended_limit_usd"": ""321869.69""}","{""causation_id"": ""corr-c54b63c2-9943-45e6-a175-3ded16375966"", ""correlation_id"": ""corr-c54b63c2-9943-45e6-a175-3ded16375966"", ""schema_version"": 2}","2026-03-30 12:21:15.79034+03"
"1ca705f3-d2ba-4668-a42e-4e8ee4b5995d","agent-agent-credit-0002-sess-credit-0002","3","24","FraudScreeningCompleted",1,"{""agent_id"": ""agent-credit-0002"", ""fraud_score"": 0.037, ""screened_at"": ""2026-03-30 09:21:15.795453+00:00"", ""anomaly_flags"": [], ""application_id"": ""APEX-COMMERCIAL-002"", ""input_data_hash"": ""46bfba2b14921c3bc1be561e012b8e48d3bb3ac3be59af7de816dcdc559dcbdd"", ""screening_model_version"": ""fraud-v3.1""}","{""correlation_id"": ""corr-fff90870-8bac-428d-ae51-659eca869b0d"", ""schema_version"": 1}","2026-03-30 12:21:15.797965+03"
"293bd00c-cff5-43d5-a93c-78af107bc2b7","loan-APEX-COMMERCIAL-002","4","25","FraudScreeningCompleted",1,"{""agent_id"": ""agent-credit-0002"", ""fraud_score"": 0.037, ""screened_at"": ""2026-03-30 09:21:15.795453+00:00"", ""anomaly_flags"": [], ""application_id"": ""APEX-COMMERCIAL-002"", ""input_data_hash"": ""46bfba2b14921c3bc1be561e012b8e48d3bb3ac3be59af7de816dcdc559dcbdd"", ""screening_model_version"": ""fraud-v3.1""}","{""correlation_id"": ""corr-fff90870-8bac-428d-ae51-659eca869b0d"", ""schema_version"": 1}","2026-03-30 12:21:15.803077+03"
"d721ce8e-65d7-41b4-8b9f-741c922944fd","compliance-APEX-COMMERCIAL-002","1","26","ComplianceCheckRequested",1,"{""requested_at"": ""2026-03-30 09:21:15.809080+00:00"", ""application_id"": ""APEX-COMMERCIAL-002"", ""checks_required"": [""AML-001"", ""KYC-001"", ""SANCTIONS-001""], ""regulation_set_version"": ""REG-2026-Q1""}","{""correlation_id"": ""corr-dcb156c4-32bb-4532-92e9-e23d08cf1232"", ""schema_version"": 1}","2026-03-30 12:21:15.812128+03"
"c15ab3f9-504b-4cc5-a459-1e6fb40d3330","loan-APEX-COMMERCIAL-002","5","27","ComplianceCheckRequested",1,"{""requested_at"": ""2026-03-30 09:21:15.809080+00:00"", ""application_id"": ""APEX-COMMERCIAL-002"", ""checks_required"": [""AML-001"", ""KYC-001"", ""SANCTIONS-001""], ""regulation_set_version"": ""REG-2026-Q1""}","{""correlation_id"": ""corr-dcb156c4-32bb-4532-92e9-e23d08cf1232"", ""schema_version"": 1}","2026-03-30 12:21:15.814429+03"
"f096f697-aee5-4f2f-a505-6b6f86599e12","compliance-APEX-COMMERCIAL-002","2","28","ComplianceRulePassed",1,"{""rule_id"": ""AML-001"", ""rule_version"": ""v2.1"", ""evidence_hash"": ""2a1d303eba97bce4aeab10fdf0e07aaa8ec6fb52aae7b41c87a0433d516dc4cf"", ""application_id"": ""APEX-COMMERCIAL-002"", ""evaluation_timestamp"": ""2026-03-30 09:21:15.815954+00:00""}","{""correlation_id"": ""corr-b6a5a04f-2ece-414c-96eb-6e7ce683c64c"", ""schema_version"": 1}","2026-03-30 12:21:15.816392+03"
"6c800f3a-7b40-4ad1-a8ae-58eee47647d3","compliance-APEX-COMMERCIAL-002","3","29","ComplianceRulePassed",1,"{""rule_id"": ""KYC-001"", ""rule_version"": ""v1.8"", ""evidence_hash"": ""b85f07ff8461cb9245f93a4a332341d5366a9d10d36b76cd1e7640473feb46f6"", ""application_id"": ""APEX-COMMERCIAL-002"", ""evaluation_timestamp"": ""2026-03-30 09:21:15.819909+00:00""}","{""correlation_id"": ""corr-45b0cbf0-61d0-4b39-b812-e9546f8438bd"", ""schema_version"": 1}","2026-03-30 12:21:15.82071+03"
"227e09bf-74df-4559-8f42-b35b73761571","compliance-APEX-COMMERCIAL-002","4","30","ComplianceRulePassed",1,"{""rule_id"": ""SANCTIONS-001"", ""rule_version"": ""v3.0"", ""evidence_hash"": ""767be5ac90bc297b4c13c13d518d4bab547192c0010d7afdcc7001ce7bb4dbb9"", ""application_id"": ""APEX-COMMERCIAL-002"", ""evaluation_timestamp"": ""2026-03-30 09:21:15.825023+00:00""}","{""correlation_id"": ""corr-fb84d43b-451a-486e-a7fe-220e4e2e7ada"", ""schema_version"": 1}","2026-03-30 12:21:15.825543+03"
"72c142de-622b-4da7-becb-184115a4aabe","compliance-APEX-COMMERCIAL-002","5","31","ComplianceClearanceIssued",1,"{""issued_at"": ""2026-03-30 09:21:15.827266+00:00"", ""checks_passed"": [""AML-001"", ""KYC-001"", ""SANCTIONS-001""], ""application_id"": ""APEX-COMMERCIAL-002"", ""issuing_agent_id"": ""agent-compliance-001"", ""regulation_set_version"": ""REG-2026-Q1""}","{""correlation_id"": ""corr-e9f4f9b8-cf72-467a-8fa8-63f21c71eecf"", ""schema_version"": 1}","2026-03-30 12:21:15.827964+03"
"48afd5b3-a849-4afe-92c5-05d8ff79e5e3","loan-APEX-COMMERCIAL-002","6","32","ComplianceClearanceIssued",1,"{""issued_at"": ""2026-03-30 09:21:15.827266+00:00"", ""checks_passed"": [""AML-001"", ""KYC-001"", ""SANCTIONS-001""], ""application_id"": ""APEX-COMMERCIAL-002"", ""issuing_agent_id"": ""agent-compliance-001"", ""regulation_set_version"": ""REG-2026-Q1""}","{""correlation_id"": ""corr-e9f4f9b8-cf72-467a-8fa8-63f21c71eecf"", ""schema_version"": 1}","2026-03-30 12:21:15.83232+03"
"f5e66a7e-1171-428b-aecb-da24fb3cd7cc","agent-agent-orch-0002-sess-orch-0002","1","33","AgentContextLoaded",1,"{""agent_id"": ""agent-orch-0002"", ""loaded_at"": ""2026-03-30 09:21:15.835374+00:00"", ""session_id"": ""sess-orch-0002"", ""model_version"": ""orch-v1.0"", ""context_source"": ""fresh"", ""context_token_count"": 2048, ""event_replay_from_position"": 0}","{""correlation_id"": ""corr-eb28c17a-66ed-4235-ac64-c51dbb2d6aa8"", ""schema_version"": 1}","2026-03-30 12:21:15.836857+03"
"032240f7-06b0-400d-8282-68b5f5a355ec","loan-APEX-COMMERCIAL-002","7","34","DecisionGenerated",2,"{""generated_at"": ""2026-03-30 09:21:15.847048+00:00"", ""application_id"": ""APEX-COMMERCIAL-002"", ""model_versions"": {""credit"": ""credit-v2.1"", ""orchestrator"": ""orch-v1.0""}, ""recommendation"": ""APPROVE"", ""confidence_score"": 0.71, ""orchestrator_agent_id"": ""agent-orch-0002"", ""decision_basis_summary"": ""Synthetic bulk simulation for dashboard."", ""contributing_agent_sessions"": [""agent-agent-credit-0002-sess-credit-0002""]}","{""correlation_id"": ""corr-a26122d2-a92a-438c-ba10-afd0f90966f9"", ""schema_version"": 2}","2026-03-30 12:21:15.847469+03"
"4332faf3-db9a-4a52-9e58-a10b46029f60","agent-agent-credit-0003-sess-credit-0003","1","35","AgentContextLoaded",1,"{""agent_id"": ""agent-credit-0003"", ""loaded_at"": ""2026-03-30 09:21:15.848669+00:00"", ""session_id"": ""sess-credit-0003"", ""model_version"": ""credit-v2.1"", ""context_source"": ""fresh"", ""context_token_count"": 4096, ""event_replay_from_position"": 0}","{""correlation_id"": ""corr-8ac463a2-237d-4c6e-b8e8-268fb8859fc6"", ""schema_version"": 1}","2026-03-30 12:21:15.84912+03"
"04ba067b-33eb-4f0e-a4a0-3eb3b5f4ab0b","loan-APEX-COMMERCIAL-003","1","36","ApplicationSubmitted",1,"{""applicant_id"": ""borrower-0003"", ""loan_purpose"": ""Working capital"", ""submitted_at"": ""2026-03-30 09:21:15.852996+00:00"", ""application_id"": ""APEX-COMMERCIAL-003"", ""submission_channel"": ""broker"", ""requested_amount_usd"": ""616992.0""}","{""correlation_id"": ""corr-167e9f2c-6aa8-471d-98c5-687fe7c62daa"", ""schema_version"": 1}","2026-03-30 12:21:15.853448+03"
"d6413ca0-47f6-4626-87c0-0681737d5382","loan-APEX-COMMERCIAL-003","2","37","CreditAnalysisRequested",1,"{""priority"": ""HIGH"", ""requested_at"": ""2026-03-30 09:21:15.855361+00:00"", ""application_id"": ""APEX-COMMERCIAL-003"", ""assigned_agent_id"": ""agent-credit-0003""}","{""correlation_id"": ""corr-74bd6c9c-6869-482e-aaee-03e434d4e863"", ""schema_version"": 1}","2026-03-30 12:21:15.855844+03"
"b65f116e-7570-4b8d-beff-8eb9d06c7ec0","agent-agent-credit-0003-sess-credit-0003","2","38","CreditAnalysisCompleted",2,"{""agent_id"": ""agent-credit-0003"", ""risk_tier"": ""MEDIUM"", ""session_id"": ""sess-credit-0003"", ""completed_at"": ""2026-03-30 09:21:15.857800+00:00"", ""model_version"": ""credit-v2.1"", ""application_id"": ""APEX-COMMERCIAL-003"", ""input_data_hash"": ""525828a7819ffc061e4a0e3911aea8adb1798dc93499adf36619645588c42d49"", ""confidence_score"": 0.8, ""regulatory_basis"": ""REG-2026-Q1"", ""analysis_duration_ms"": 1469, ""recommended_limit_usd"": ""543482.11""}","{""causation_id"": ""corr-e7387837-008b-4d58-9521-c8734864d046"", ""correlation_id"": ""corr-e7387837-008b-4d58-9521-c8734864d046"", ""schema_version"": 2}","2026-03-30 12:21:15.858167+03"
"f1cc8b48-a279-4095-af5f-e4728b389107","loan-APEX-COMMERCIAL-003","3","39","CreditAnalysisCompleted",2,"{""agent_id"": ""agent-credit-0003"", ""risk_tier"": ""MEDIUM"", ""session_id"": ""sess-credit-0003"", ""completed_at"": ""2026-03-30 09:21:15.857800+00:00"", ""model_version"": ""credit-v2.1"", ""application_id"": ""APEX-COMMERCIAL-003"", ""input_data_hash"": ""525828a7819ffc061e4a0e3911aea8adb1798dc93499adf36619645588c42d49"", ""confidence_score"": 0.8, ""regulatory_basis"": ""REG-2026-Q1"", ""analysis_duration_ms"": 1469, ""recommended_limit_usd"": ""543482.11""}","{""causation_id"": ""corr-e7387837-008b-4d58-9521-c8734864d046"", ""correlation_id"": ""corr-e7387837-008b-4d58-9521-c8734864d046"", ""schema_version"": 2}","2026-03-30 12:21:15.859976+03"
"18596a78-fedd-4032-a2d4-5854785ce4bc","agent-agent-credit-0003-sess-credit-0003","3","40","FraudScreeningCompleted",1,"{""agent_id"": ""agent-credit-0003"", ""fraud_score"": 0.599, ""screened_at"": ""2026-03-30 09:21:15.862718+00:00"", ""anomaly_flags"": [], ""application_id"": ""APEX-COMMERCIAL-003"", ""input_data_hash"": ""df4648ba4e065e3a8d832959cbb4b53e0c2cc06eea22a9a09e52f1e1bd94f435"", ""screening_model_version"": ""fraud-v3.1""}","{""correlation_id"": ""corr-e1350f5f-ef93-48fb-8140-6ff637ede65d"", ""schema_version"": 1}","2026-03-30 12:21:15.863188+03"
"3dc9328c-d3cf-44d4-a950-bc203c7a5148","loan-APEX-COMMERCIAL-003","4","41","FraudScreeningCompleted",1,"{""agent_id"": ""agent-credit-0003"", ""fraud_score"": 0.599, ""screened_at"": ""2026-03-30 09:21:15.862718+00:00"", ""anomaly_flags"": [], ""application_id"": ""APEX-COMMERCIAL-003"", ""input_data_hash"": ""df4648ba4e065e3a8d832959cbb4b53e0c2cc06eea22a9a09e52f1e1bd94f435"", ""screening_model_version"": ""fraud-v3.1""}","{""correlation_id"": ""corr-e1350f5f-ef93-48fb-8140-6ff637ede65d"", ""schema_version"": 1}","2026-03-30 12:21:15.867672+03"
"52e79b8f-7107-4f96-8d89-2e98949a78ab","compliance-APEX-COMMERCIAL-003","1","42","ComplianceCheckRequested",1,"{""requested_at"": ""2026-03-30 09:21:15.874674+00:00"", ""application_id"": ""APEX-COMMERCIAL-003"", ""checks_required"": [""AML-001"", ""KYC-001"", ""SANCTIONS-001""], ""regulation_set_version"": ""REG-2026-Q1""}","{""correlation_id"": ""corr-8789fec6-f0ec-41f9-a865-abbf33a06c0b"", ""schema_version"": 1}","2026-03-30 12:21:15.877249+03"
"0338c47d-8686-43fc-86b5-1ca72e6dd139","loan-APEX-COMMERCIAL-003","5","43","ComplianceCheckRequested",1,"{""requested_at"": ""2026-03-30 09:21:15.874674+00:00"", ""application_id"": ""APEX-COMMERCIAL-003"", ""checks_required"": [""AML-001"", ""KYC-001"", ""SANCTIONS-001""], ""regulation_set_version"": ""REG-2026-Q1""}","{""correlation_id"": ""corr-8789fec6-f0ec-41f9-a865-abbf33a06c0b"", ""schema_version"": 1}","2026-03-30 12:21:15.881149+03"
"5a71ed2c-efc5-4883-a3d0-7be8d280694c","compliance-APEX-COMMERCIAL-003","2","44","ComplianceRulePassed",1,"{""rule_id"": ""AML-001"", ""rule_version"": ""v2.1"", ""evidence_hash"": ""2a1d303eba97bce4aeab10fdf0e07aaa8ec6fb52aae7b41c87a0433d516dc4cf"", ""application_id"": ""APEX-COMMERCIAL-003"", ""evaluation_timestamp"": ""2026-03-30 09:21:15.885820+00:00""}","{""correlation_id"": ""corr-3a7043cb-1665-49ec-ba87-eff71299cdb6"", ""schema_version"": 1}","2026-03-30 12:21:15.886837+03"
"94cca3cd-98cf-4069-90cc-c4adc06802f2","compliance-APEX-COMMERCIAL-003","3","45","ComplianceRulePassed",1,"{""rule_id"": ""KYC-001"", ""rule_version"": ""v1.8"", ""evidence_hash"": ""b85f07ff8461cb9245f93a4a332341d5366a9d10d36b76cd1e7640473feb46f6"", ""application_id"": ""APEX-COMMERCIAL-003"", ""evaluation_timestamp"": ""2026-03-30 09:21:15.891305+00:00""}","{""correlation_id"": ""corr-2931eb11-2fdf-4d1b-a644-3b6012432e1f"", ""schema_version"": 1}","2026-03-30 12:21:15.89332+03"
"9d4d8031-a359-4cfc-af3b-652e0698b8a3","compliance-APEX-COMMERCIAL-003","4","46","ComplianceRulePassed",1,"{""rule_id"": ""SANCTIONS-001"", ""rule_version"": ""v3.0"", ""evidence_hash"": ""767be5ac90bc297b4c13c13d518d4bab547192c0010d7afdcc7001ce7bb4dbb9"", ""application_id"": ""APEX-COMMERCIAL-003"", ""evaluation_timestamp"": ""2026-03-30 09:21:15.895179+00:00""}","{""correlation_id"": ""corr-91eb2fd2-1fa2-4dfd-a37c-9d1e98c022bd"", ""schema_version"": 1}","2026-03-30 12:21:15.895715+03"
"aa161877-d01f-4832-993b-d4894a36241f","compliance-APEX-COMMERCIAL-003","5","47","ComplianceClearanceIssued",1,"{""issued_at"": ""2026-03-30 09:21:15.899271+00:00"", ""checks_passed"": [""AML-001"", ""KYC-001"", ""SANCTIONS-001""], ""application_id"": ""APEX-COMMERCIAL-003"", ""issuing_agent_id"": ""agent-compliance-001"", ""regulation_set_version"": ""REG-2026-Q1""}","{""correlation_id"": ""corr-3c86f038-bb34-45d1-9cc5-b1cbfe5637ec"", ""schema_version"": 1}","2026-03-30 12:21:15.901222+03"
"9513b3ae-06f8-4535-bfd6-89c99a59d473","loan-APEX-COMMERCIAL-003","6","48","ComplianceClearanceIssued",1,"{""issued_at"": ""2026-03-30 09:21:15.899271+00:00"", ""checks_passed"": [""AML-001"", ""KYC-001"", ""SANCTIONS-001""], ""application_id"": ""APEX-COMMERCIAL-003"", ""issuing_agent_id"": ""agent-compliance-001"", ""regulation_set_version"": ""REG-2026-Q1""}","{""correlation_id"": ""corr-3c86f038-bb34-45d1-9cc5-b1cbfe5637ec"", ""schema_version"": 1}","2026-03-30 12:21:15.908819+03"
"16c9857f-91ba-4e87-93c9-4e4a358ada5b","agent-agent-orch-0003-sess-orch-0003","1","49","AgentContextLoaded",1,"{""agent_id"": ""agent-orch-0003"", ""loaded_at"": ""2026-03-30 09:21:15.913105+00:00"", ""session_id"": ""sess-orch-0003"", ""model_version"": ""orch-v1.0"", ""context_source"": ""fresh"", ""context_token_count"": 2048, ""event_replay_from_position"": 0}","{""correlation_id"": ""corr-cd21bc16-e55e-4dce-beed-11d550de9e73"", ""schema_version"": 1}","2026-03-30 12:21:15.913653+03"
"53f20ed9-9c2c-417e-a036-17e9ea713a57","loan-APEX-COMMERCIAL-003","7","50","DecisionGenerated",2,"{""generated_at"": ""2026-03-30 09:21:15.918502+00:00"", ""application_id"": ""APEX-COMMERCIAL-003"", ""model_versions"": {""credit"": ""credit-v2.1"", ""orchestrator"": ""orch-v1.0""}, ""recommendation"": ""APPROVE"", ""confidence_score"": 0.8, ""orchestrator_agent_id"": ""agent-orch-0003"", ""decision_basis_summary"": ""Synthetic bulk simulation for dashboard."", ""contributing_agent_sessions"": [""agent-agent-credit-0003-sess-credit-0003""]}","{""correlation_id"": ""corr-445ce2e3-e0ac-458b-8961-d3e06b929467"", ""schema_version"": 2}","2026-03-30 12:21:15.919687+03"
"949918ea-ef27-4433-89e9-323b5b71295e","loan-APEX-COMMERCIAL-003","8","51","HumanReviewCompleted",1,"{""override"": true, ""reviewed_at"": ""2026-03-30 09:21:15.922495+00:00"", ""reviewer_id"": ""officer-0003"", ""application_id"": ""APEX-COMMERCIAL-003"", ""final_decision"": ""DECLINE"", ""override_reason"": ""Portfolio balancing""}","{""correlation_id"": ""corr-f8f95f4d-904a-4b78-b6d9-6e3d72c39d3b"", ""schema_version"": 1}","2026-03-30 12:21:15.923058+03"
"99602984-f798-44a1-9c41-91044479e96f","loan-APEX-COMMERCIAL-003","9","52","ApplicationDeclined",1,"{""declined_at"": ""2026-03-30 09:21:15.922511+00:00"", ""declined_by"": ""officer-0003"", ""application_id"": ""APEX-COMMERCIAL-003"", ""decline_reasons"": [""Human review decision: decline""], ""adverse_action_notice_required"": true}","{""correlation_id"": ""corr-f8f95f4d-904a-4b78-b6d9-6e3d72c39d3b"", ""schema_version"": 1}","2026-03-30 12:21:15.923313+03"
"25e61747-fc7e-43cb-bdff-875594fcd351","agent-agent-credit-0004-sess-credit-0004","1","53","AgentContextLoaded",1,"{""agent_id"": ""agent-credit-0004"", ""loaded_at"": ""2026-03-30 09:21:15.925520+00:00"", ""session_id"": ""sess-credit-0004"", ""model_version"": ""credit-v2.1"", ""context_source"": ""fresh"", ""context_token_count"": 4096, ""event_replay_from_position"": 0}","{""correlation_id"": ""corr-7438045e-77f3-4196-a913-a972f38153fc"", ""schema_version"": 1}","2026-03-30 12:21:15.925995+03"
"fd5f3c7b-11a7-4ec9-a095-5f383fd71019","loan-APEX-COMMERCIAL-004","1","54","ApplicationSubmitted",1,"{""applicant_id"": ""borrower-0004"", ""loan_purpose"": ""Working capital"", ""submitted_at"": ""2026-03-30 09:21:15.927484+00:00"", ""application_id"": ""APEX-COMMERCIAL-004"", ""submission_channel"": ""broker"", ""requested_amount_usd"": ""1889925.0""}","{""correlation_id"": ""corr-16cccd6b-5e75-4d56-9a74-ada747aceef2"", ""schema_version"": 1}","2026-03-30 12:21:15.927872+03"
"efacc2da-6a69-487c-a846-3108aa417f39","loan-APEX-COMMERCIAL-004","2","55","CreditAnalysisRequested",1,"{""priority"": ""HIGH"", ""requested_at"": ""2026-03-30 09:21:15.929834+00:00"", ""application_id"": ""APEX-COMMERCIAL-004"", ""assigned_agent_id"": ""agent-credit-0004""}","{""correlation_id"": ""corr-4042b287-19ac-4918-ab44-60467d99cfca"", ""schema_version"": 1}","2026-03-30 12:21:15.930365+03"
"672fee69-451f-4aa0-874c-b7882ecbe445","agent-agent-credit-0004-sess-credit-0004","2","56","CreditAnalysisCompleted",2,"{""agent_id"": ""agent-credit-0004"", ""risk_tier"": ""LOW"", ""session_id"": ""sess-credit-0004"", ""completed_at"": ""2026-03-30 09:21:15.934135+00:00"", ""model_version"": ""credit-v2.1"", ""application_id"": ""APEX-COMMERCIAL-004"", ""input_data_hash"": ""9547c1164430efcad25deb11465b895a9dd71aeaa62b8506e8babf991fadaf2d"", ""confidence_score"": 0.76, ""regulatory_basis"": ""REG-2026-Q1"", ""analysis_duration_ms"": 2463, ""recommended_limit_usd"": ""1585186.84""}","{""causation_id"": ""corr-96dcce9a-985b-42da-806c-7eaa3bf1645d"", ""correlation_id"": ""corr-96dcce9a-985b-42da-806c-7eaa3bf1645d"", ""schema_version"": 2}","2026-03-30 12:21:15.935979+03"
"f192ec94-b366-4d15-9f83-10e4b750c351","loan-APEX-COMMERCIAL-004","3","57","CreditAnalysisCompleted",2,"{""agent_id"": ""agent-credit-0004"", ""risk_tier"": ""LOW"", ""session_id"": ""sess-credit-0004"", ""completed_at"": ""2026-03-30 09:21:15.934135+00:00"", ""model_version"": ""credit-v2.1"", ""application_id"": ""APEX-COMMERCIAL-004"", ""input_data_hash"": ""9547c1164430efcad25deb11465b895a9dd71aeaa62b8506e8babf991fadaf2d"", ""confidence_score"": 0.76, ""regulatory_basis"": ""REG-2026-Q1"", ""analysis_duration_ms"": 2463, ""recommended_limit_usd"": ""1585186.84""}","{""causation_id"": ""corr-96dcce9a-985b-42da-806c-7eaa3bf1645d"", ""correlation_id"": ""corr-96dcce9a-985b-42da-806c-7eaa3bf1645d"", ""schema_version"": 2}","2026-03-30 12:21:15.94205+03"
"f14779f4-c127-43da-8bfc-8eb158f815a7","agent-agent-credit-0004-sess-credit-0004","3","58","FraudScreeningCompleted",1,"{""agent_id"": ""agent-credit-0004"", ""fraud_score"": 0.365, ""screened_at"": ""2026-03-30 09:21:15.948571+00:00"", ""anomaly_flags"": [], ""application_id"": ""APEX-COMMERCIAL-004"", ""input_data_hash"": ""7f341560ef5617e3f684e10851a6a0e63e6e9f1dd87de6188d9585e6bd9ffbd0"", ""screening_model_version"": ""fraud-v3.1""}","{""correlation_id"": ""corr-060126f3-ea1a-4e89-8654-04e4bad5f500"", ""schema_version"": 1}","2026-03-30 12:21:15.949047+03"
"6a09da9d-c383-4efb-aea9-84759277269a","loan-APEX-COMMERCIAL-004","4","59","FraudScreeningCompleted",1,"{""agent_id"": ""agent-credit-0004"", ""fraud_score"": 0.365, ""screened_at"": ""2026-03-30 09:21:15.948571+00:00"", ""anomaly_flags"": [], ""application_id"": ""APEX-COMMERCIAL-004"", ""input_data_hash"": ""7f341560ef5617e3f684e10851a6a0e63e6e9f1dd87de6188d9585e6bd9ffbd0"", ""screening_model_version"": ""fraud-v3.1""}","{""correlation_id"": ""corr-060126f3-ea1a-4e89-8654-04e4bad5f500"", ""schema_version"": 1}","2026-03-30 12:21:15.954317+03"
"db22e7cc-e686-4691-b1cf-cf4d3f25e828","compliance-APEX-COMMERCIAL-004","1","60","ComplianceCheckRequested",1,"{""requested_at"": ""2026-03-30 09:21:15.958192+00:00"", ""application_id"": ""APEX-COMMERCIAL-004"", ""checks_required"": [""AML-001"", ""KYC-001"", ""SANCTIONS-001""], ""regulation_set_version"": ""REG-2026-Q1""}","{""correlation_id"": ""corr-f60178e6-e084-482b-8736-81c252c559f9"", ""schema_version"": 1}","2026-03-30 12:21:15.958643+03"
"11647f7f-a703-410a-86a9-db7da22e49c7","loan-APEX-COMMERCIAL-004","5","61","ComplianceCheckRequested",1,"{""requested_at"": ""2026-03-30 09:21:15.958192+00:00"", ""application_id"": ""APEX-COMMERCIAL-004"", ""checks_required"": [""AML-001"", ""KYC-001"", ""SANCTIONS-001""], ""regulation_set_version"": ""REG-2026-Q1""}","{""correlation_id"": ""corr-f60178e6-e084-482b-8736-81c252c559f9"", ""schema_version"": 1}","2026-03-30 12:21:15.960234+03"
"2e245717-b447-4b20-9655-b9c9eeba1561","compliance-APEX-COMMERCIAL-004","2","62","ComplianceRulePassed",1,"{""rule_id"": ""AML-001"", ""rule_version"": ""v2.1"", ""evidence_hash"": ""2a1d303eba97bce4aeab10fdf0e07aaa8ec6fb52aae7b41c87a0433d516dc4cf"", ""application_id"": ""APEX-COMMERCIAL-004"", ""evaluation_timestamp"": ""2026-03-30 09:21:15.962327+00:00""}","{""correlation_id"": ""corr-8e6b9c21-29b8-4f70-ad59-9be3db500689"", ""schema_version"": 1}","2026-03-30 12:21:15.962718+03"
"a3a81381-feec-40d6-9aa9-ad7bd4191a73","compliance-APEX-COMMERCIAL-004","3","63","ComplianceRulePassed",1,"{""rule_id"": ""KYC-001"", ""rule_version"": ""v1.8"", ""evidence_hash"": ""b85f07ff8461cb9245f93a4a332341d5366a9d10d36b76cd1e7640473feb46f6"", ""application_id"": ""APEX-COMMERCIAL-004"", ""evaluation_timestamp"": ""2026-03-30 09:21:15.964336+00:00""}","{""correlation_id"": ""corr-3ac0ed62-7cc0-4d79-ab60-1653a214eefa"", ""schema_version"": 1}","2026-03-30 12:21:15.964774+03"
"2f73347e-0acb-419c-88c6-95fd78826846","compliance-APEX-COMMERCIAL-004","4","64","ComplianceRulePassed",1,"{""rule_id"": ""SANCTIONS-001"", ""rule_version"": ""v3.0"", ""evidence_hash"": ""767be5ac90bc297b4c13c13d518d4bab547192c0010d7afdcc7001ce7bb4dbb9"", ""application_id"": ""APEX-COMMERCIAL-004"", ""evaluation_timestamp"": ""2026-03-30 09:21:15.966480+00:00""}","{""correlation_id"": ""corr-5c168610-1314-420a-8eff-deb4fa443da7"", ""schema_version"": 1}","2026-03-30 12:21:15.967324+03"
"16dc5030-27cf-4ac5-873f-6e3df5d4718c","compliance-APEX-COMMERCIAL-004","5","65","ComplianceClearanceIssued",1,"{""issued_at"": ""2026-03-30 09:21:15.973318+00:00"", ""checks_passed"": [""AML-001"", ""KYC-001"", ""SANCTIONS-001""], ""application_id"": ""APEX-COMMERCIAL-004"", ""issuing_agent_id"": ""agent-compliance-001"", ""regulation_set_version"": ""REG-2026-Q1""}","{""correlation_id"": ""corr-89d430c0-1eca-4d66-b28c-8176bc628a1c"", ""schema_version"": 1}","2026-03-30 12:21:15.974393+03"
"7a56faf0-437f-4017-b50e-0c175d1a73f1","loan-APEX-COMMERCIAL-004","6","66","ComplianceClearanceIssued",1,"{""issued_at"": ""2026-03-30 09:21:15.973318+00:00"", ""checks_passed"": [""AML-001"", ""KYC-001"", ""SANCTIONS-001""], ""application_id"": ""APEX-COMMERCIAL-004"", ""issuing_agent_id"": ""agent-compliance-001"", ""regulation_set_version"": ""REG-2026-Q1""}","{""correlation_id"": ""corr-89d430c0-1eca-4d66-b28c-8176bc628a1c"", ""schema_version"": 1}","2026-03-30 12:21:15.981331+03"
"d06ded90-7bad-46db-9f7f-fb6f6932ec3d","agent-agent-orch-0004-sess-orch-0004","1","67","AgentContextLoaded",1,"{""agent_id"": ""agent-orch-0004"", ""loaded_at"": ""2026-03-30 09:21:15.982931+00:00"", ""session_id"": ""sess-orch-0004"", ""model_version"": ""orch-v1.0"", ""context_source"": ""fresh"", ""context_token_count"": 2048, ""event_replay_from_position"": 0}","{""correlation_id"": ""corr-7cbbc78c-acbb-427a-bada-25e16f970634"", ""schema_version"": 1}","2026-03-30 12:21:15.983735+03"
"5f34afec-ae56-4009-a05b-501d126568be","loan-APEX-COMMERCIAL-004","7","68","DecisionGenerated",2,"{""generated_at"": ""2026-03-30 09:21:15.994411+00:00"", ""application_id"": ""APEX-COMMERCIAL-004"", ""model_versions"": {""credit"": ""credit-v2.1"", ""orchestrator"": ""orch-v1.0""}, ""recommendation"": ""APPROVE"", ""confidence_score"": 0.76, ""orchestrator_agent_id"": ""agent-orch-0004"", ""decision_basis_summary"": ""Synthetic bulk simulation for dashboard."", ""contributing_agent_sessions"": [""agent-agent-credit-0004-sess-credit-0004""]}","{""correlation_id"": ""corr-77d2b414-e8a2-4200-8507-5297c5b7c420"", ""schema_version"": 2}","2026-03-30 12:21:15.994848+03"
"d52d43c6-4131-482e-b492-367e07b69de6","loan-APEX-COMMERCIAL-004","8","69","HumanReviewCompleted",1,"{""override"": true, ""reviewed_at"": ""2026-03-30 09:21:15.996771+00:00"", ""reviewer_id"": ""officer-0004"", ""application_id"": ""APEX-COMMERCIAL-004"", ""final_decision"": ""DECLINE"", ""override_reason"": ""Portfolio balancing""}","{""correlation_id"": ""corr-c987731f-d39f-474b-ade9-fe60cda5bbab"", ""schema_version"": 1}","2026-03-30 12:21:15.997313+03"
"b16b0823-4b84-47e7-b2ed-1f659ebcae5a","loan-APEX-COMMERCIAL-004","9","70","ApplicationDeclined",1,"{""declined_at"": ""2026-03-30 09:21:15.996785+00:00"", ""declined_by"": ""officer-0004"", ""application_id"": ""APEX-COMMERCIAL-004"", ""decline_reasons"": [""Human review decision: decline""], ""adverse_action_notice_required"": true}","{""correlation_id"": ""corr-c987731f-d39f-474b-ade9-fe60cda5bbab"", ""schema_version"": 1}","2026-03-30 12:21:15.997593+03"
"d9e34714-f00f-4e86-a42d-d7a3d5bf8764","agent-agent-credit-0005-sess-credit-0005","1","71","AgentContextLoaded",1,"{""agent_id"": ""agent-credit-0005"", ""loaded_at"": ""2026-03-30 09:21:16.000287+00:00"", ""session_id"": ""sess-credit-0005"", ""model_version"": ""credit-v2.1"", ""context_source"": ""fresh"", ""context_token_count"": 4096, ""event_replay_from_position"": 0}","{""correlation_id"": ""corr-e22c13b9-a647-432f-9d5f-a2c5177dbefc"", ""schema_version"": 1}","2026-03-30 12:21:16.00192+03"
"a3d3df94-c1e6-43a7-aa6e-46d629e3b669","loan-APEX-COMMERCIAL-005","1","72","ApplicationSubmitted",1,"{""applicant_id"": ""borrower-0005"", ""loan_purpose"": ""Working capital"", ""submitted_at"": ""2026-03-30 09:21:16.006532+00:00"", ""application_id"": ""APEX-COMMERCIAL-005"", ""submission_channel"": ""broker"", ""requested_amount_usd"": ""402828.0""}","{""correlation_id"": ""corr-6ef7a8e8-7497-4d44-ab41-d75209133662"", ""schema_version"": 1}","2026-03-30 12:21:16.007913+03"
"4c94dbb0-09f3-4198-85c5-4174f6e83f56","loan-APEX-COMMERCIAL-005","2","73","CreditAnalysisRequested",1,"{""priority"": ""HIGH"", ""requested_at"": ""2026-03-30 09:21:16.014045+00:00"", ""application_id"": ""APEX-COMMERCIAL-005"", ""assigned_agent_id"": ""agent-credit-0005""}","{""correlation_id"": ""corr-fc3210b8-66af-403e-8e57-bebb8ad301e4"", ""schema_version"": 1}","2026-03-30 12:21:16.014762+03"
"163d9382-b329-4655-9619-172323394a39","agent-agent-credit-0005-sess-credit-0005","2","74","CreditAnalysisCompleted",2,"{""agent_id"": ""agent-credit-0005"", ""risk_tier"": ""MEDIUM"", ""session_id"": ""sess-credit-0005"", ""completed_at"": ""2026-03-30 09:21:16.018885+00:00"", ""model_version"": ""credit-v2.1"", ""application_id"": ""APEX-COMMERCIAL-005"", ""input_data_hash"": ""026df76e1f7812a4cc4463a095701ac076297d027f0f6ee957719d9b68e17c59"", ""confidence_score"": 0.75, ""regulatory_basis"": ""REG-2026-Q1"", ""analysis_duration_ms"": 1840, ""recommended_limit_usd"": ""325412.95""}","{""causation_id"": ""corr-9343871a-317a-4e98-89fb-81bbed6844d5"", ""correlation_id"": ""corr-9343871a-317a-4e98-89fb-81bbed6844d5"", ""schema_version"": 2}","2026-03-30 12:21:16.019897+03"
"d0905272-2f80-4cea-bc16-c1dcda64ce8c","loan-APEX-COMMERCIAL-005","3","75","CreditAnalysisCompleted",2,"{""agent_id"": ""agent-credit-0005"", ""risk_tier"": ""MEDIUM"", ""session_id"": ""sess-credit-0005"", ""completed_at"": ""2026-03-30 09:21:16.018885+00:00"", ""model_version"": ""credit-v2.1"", ""application_id"": ""APEX-COMMERCIAL-005"", ""input_data_hash"": ""026df76e1f7812a4cc4463a095701ac076297d027f0f6ee957719d9b68e17c59"", ""confidence_score"": 0.75, ""regulatory_basis"": ""REG-2026-Q1"", ""analysis_duration_ms"": 1840, ""recommended_limit_usd"": ""325412.95""}","{""causation_id"": ""corr-9343871a-317a-4e98-89fb-81bbed6844d5"", ""correlation_id"": ""corr-9343871a-317a-4e98-89fb-81bbed6844d5"", ""schema_version"": 2}","2026-03-30 12:21:16.024554+03"
"d06918d1-a31e-4439-8922-5e448e063185","agent-agent-credit-0005-sess-credit-0005","3","76","FraudScreeningCompleted",1,"{""agent_id"": ""agent-credit-0005"", ""fraud_score"": 0.299, ""screened_at"": ""2026-03-30 09:21:16.027539+00:00"", ""anomaly_flags"": [], ""application_id"": ""APEX-COMMERCIAL-005"", ""input_data_hash"": ""37273b6b4c217903b7f0da8168fd7eaf009feda559f8b1e52c62213c9bf0545d"", ""screening_model_version"": ""fraud-v3.1""}","{""correlation_id"": ""corr-8773ad10-cc53-4a59-bb00-1a8b51499ddb"", ""schema_version"": 1}","2026-03-30 12:21:16.028171+03"
"a5b8d8e4-e897-4239-a64e-f7d002803dbc","loan-APEX-COMMERCIAL-005","4","77","FraudScreeningCompleted",1,"{""agent_id"": ""agent-credit-0005"", ""fraud_score"": 0.299, ""screened_at"": ""2026-03-30 09:21:16.027539+00:00"", ""anomaly_flags"": [], ""application_id"": ""APEX-COMMERCIAL-005"", ""input_data_hash"": ""37273b6b4c217903b7f0da8168fd7eaf009feda559f8b1e52c62213c9bf0545d"", ""screening_model_version"": ""fraud-v3.1""}","{""correlation_id"": ""corr-8773ad10-cc53-4a59-bb00-1a8b51499ddb"", ""schema_version"": 1}","2026-03-30 12:21:16.034553+03"
"11fbeb97-4716-4289-9582-1eed02dac58c","compliance-APEX-COMMERCIAL-005","1","78","ComplianceCheckRequested",1,"{""requested_at"": ""2026-03-30 09:21:16.040538+00:00"", ""application_id"": ""APEX-COMMERCIAL-005"", ""checks_required"": [""AML-001"", ""KYC-001"", ""SANCTIONS-001""], ""regulation_set_version"": ""REG-2026-Q1""}","{""correlation_id"": ""corr-148173fb-e99e-4bd1-92e6-d51811db0752"", ""schema_version"": 1}","2026-03-30 12:21:16.041983+03"
"061721fe-fd51-4c46-819e-72d74bd93a11","loan-APEX-COMMERCIAL-005","5","79","ComplianceCheckRequested",1,"{""requested_at"": ""2026-03-30 09:21:16.040538+00:00"", ""application_id"": ""APEX-COMMERCIAL-005"", ""checks_required"": [""AML-001"", ""KYC-001"", ""SANCTIONS-001""], ""regulation_set_version"": ""REG-2026-Q1""}","{""correlation_id"": ""corr-148173fb-e99e-4bd1-92e6-d51811db0752"", ""schema_version"": 1}","2026-03-30 12:21:16.044418+03"
"c67d343f-cd4d-4deb-9a56-3cb17a68a2a4","compliance-APEX-COMMERCIAL-005","2","80","ComplianceRulePassed",1,"{""rule_id"": ""AML-001"", ""rule_version"": ""v2.1"", ""evidence_hash"": ""2a1d303eba97bce4aeab10fdf0e07aaa8ec6fb52aae7b41c87a0433d516dc4cf"", ""application_id"": ""APEX-COMMERCIAL-005"", ""evaluation_timestamp"": ""2026-03-30 09:21:16.051027+00:00""}","{""correlation_id"": ""corr-9b480834-de1d-4a44-a2bd-6c8bf75b928d"", ""schema_version"": 1}","2026-03-30 12:21:16.052161+03"
"11ca670a-4a93-4ddf-9262-4528c933e15b","compliance-APEX-COMMERCIAL-005","3","81","ComplianceRulePassed",1,"{""rule_id"": ""KYC-001"", ""rule_version"": ""v1.8"", ""evidence_hash"": ""b85f07ff8461cb9245f93a4a332341d5366a9d10d36b76cd1e7640473feb46f6"", ""application_id"": ""APEX-COMMERCIAL-005"", ""evaluation_timestamp"": ""2026-03-30 09:21:16.055689+00:00""}","{""correlation_id"": ""corr-3b673a26-5b27-4265-81a2-89ff85d3bcdc"", ""schema_version"": 1}","2026-03-30 12:21:16.056173+03"
"ca865ebe-3a43-4db9-be38-fe9f2308060a","compliance-APEX-COMMERCIAL-005","4","82","ComplianceRulePassed",1,"{""rule_id"": ""SANCTIONS-001"", ""rule_version"": ""v3.0"", ""evidence_hash"": ""767be5ac90bc297b4c13c13d518d4bab547192c0010d7afdcc7001ce7bb4dbb9"", ""application_id"": ""APEX-COMMERCIAL-005"", ""evaluation_timestamp"": ""2026-03-30 09:21:16.057966+00:00""}","{""correlation_id"": ""corr-016ba44f-500b-4ca3-8d8f-309a88dba501"", ""schema_version"": 1}","2026-03-30 12:21:16.058378+03"
"fe2d5b6c-c39d-478f-b14f-63c9e21c80f7","compliance-APEX-COMMERCIAL-005","5","83","ComplianceClearanceIssued",1,"{""issued_at"": ""2026-03-30 09:21:16.061304+00:00"", ""checks_passed"": [""AML-001"", ""KYC-001"", ""SANCTIONS-001""], ""application_id"": ""APEX-COMMERCIAL-005"", ""issuing_agent_id"": ""agent-compliance-001"", ""regulation_set_version"": ""REG-2026-Q1""}","{""correlation_id"": ""corr-76b446b8-6094-4143-8323-51e4ae18b39e"", ""schema_version"": 1}","2026-03-30 12:21:16.062569+03"
"70170e8d-388c-48da-89de-830910eaa54f","loan-APEX-COMMERCIAL-005","6","84","ComplianceClearanceIssued",1,"{""issued_at"": ""2026-03-30 09:21:16.061304+00:00"", ""checks_passed"": [""AML-001"", ""KYC-001"", ""SANCTIONS-001""], ""application_id"": ""APEX-COMMERCIAL-005"", ""issuing_agent_id"": ""agent-compliance-001"", ""regulation_set_version"": ""REG-2026-Q1""}","{""correlation_id"": ""corr-76b446b8-6094-4143-8323-51e4ae18b39e"", ""schema_version"": 1}","2026-03-30 12:21:16.065739+03"
"63d344e4-deac-4354-97c9-60bbb7f43da4","agent-agent-orch-0005-sess-orch-0005","1","85","AgentContextLoaded",1,"{""agent_id"": ""agent-orch-0005"", ""loaded_at"": ""2026-03-30 09:21:16.066839+00:00"", ""session_id"": ""sess-orch-0005"", ""model_version"": ""orch-v1.0"", ""context_source"": ""fresh"", ""context_token_count"": 2048, ""event_replay_from_position"": 0}","{""correlation_id"": ""corr-22bef7c9-0ad9-4a10-8930-92bbded75199"", ""schema_version"": 1}","2026-03-30 12:21:16.067965+03"
"26a06457-acad-493e-95a0-58ed12aec4f2","loan-APEX-COMMERCIAL-005","7","86","DecisionGenerated",2,"{""generated_at"": ""2026-03-30 09:21:16.075991+00:00"", ""application_id"": ""APEX-COMMERCIAL-005"", ""model_versions"": {""credit"": ""credit-v2.1"", ""orchestrator"": ""orch-v1.0""}, ""recommendation"": ""APPROVE"", ""confidence_score"": 0.75, ""orchestrator_agent_id"": ""agent-orch-0005"", ""decision_basis_summary"": ""Synthetic bulk simulation for dashboard."", ""contributing_agent_sessions"": [""agent-agent-credit-0005-sess-credit-0005""]}","{""correlation_id"": ""corr-368a73d3-f560-4c77-8d69-0e21714af0e9"", ""schema_version"": 2}","2026-03-30 12:21:16.07674+03"
"e13a932f-b1f4-40ab-af8b-bf1f9d24e7a7","loan-APEX-COMMERCIAL-005","8","87","HumanReviewCompleted",1,"{""override"": false, ""reviewed_at"": ""2026-03-30 09:21:16.082958+00:00"", ""reviewer_id"": ""officer-0005"", ""application_id"": ""APEX-COMMERCIAL-005"", ""final_decision"": ""APPROVE"", ""override_reason"": null}","{""correlation_id"": ""corr-e9232af4-a6c8-48fe-8480-d0210bf8d5a8"", ""schema_version"": 1}","2026-03-30 12:21:16.083668+03"
"db35982b-cc18-49a8-b00d-e9a8b745d767","loan-APEX-COMMERCIAL-005","9","88","ApplicationApproved",1,"{""conditions"": [], ""approved_by"": ""officer-0005"", ""interest_rate"": 0.0, ""application_id"": ""APEX-COMMERCIAL-005"", ""effective_date"": ""2026-03-30 09:21:16.082975+00:00"", ""approved_amount_usd"": ""325412.95""}","{""correlation_id"": ""corr-e9232af4-a6c8-48fe-8480-d0210bf8d5a8"", ""schema_version"": 1}","2026-03-30 12:21:16.084088+03"
"f7674a22-04a5-40c4-b869-f653c023825c","agent-agent-credit-0006-sess-credit-0006","1","89","AgentContextLoaded",1,"{""agent_id"": ""agent-credit-0006"", ""loaded_at"": ""2026-03-30 09:21:16.089011+00:00"", ""session_id"": ""sess-credit-0006"", ""model_version"": ""credit-v2.1"", ""context_source"": ""fresh"", ""context_token_count"": 4096, ""event_replay_from_position"": 0}","{""correlation_id"": ""corr-010e0c18-af60-494d-a124-614b8a505f26"", ""schema_version"": 1}","2026-03-30 12:21:16.089847+03"
"6fdb4829-7c0b-45eb-90af-d6e432495e4c","loan-APEX-COMMERCIAL-006","1","90","ApplicationSubmitted",1,"{""applicant_id"": ""borrower-0006"", ""loan_purpose"": ""Working capital"", ""submitted_at"": ""2026-03-30 09:21:16.092509+00:00"", ""application_id"": ""APEX-COMMERCIAL-006"", ""submission_channel"": ""broker"", ""requested_amount_usd"": ""993844.0""}","{""correlation_id"": ""corr-5a4a45be-14c9-45d6-808e-d0e93d8e973d"", ""schema_version"": 1}","2026-03-30 12:21:16.093422+03"
"7ae68d17-0dfc-48a1-9923-4c0c774f75b1","loan-APEX-COMMERCIAL-006","2","91","CreditAnalysisRequested",1,"{""priority"": ""HIGH"", ""requested_at"": ""2026-03-30 09:21:16.097216+00:00"", ""application_id"": ""APEX-COMMERCIAL-006"", ""assigned_agent_id"": ""agent-credit-0006""}","{""correlation_id"": ""corr-d88e1dc4-f65a-43dd-a029-cc13cee4685b"", ""schema_version"": 1}","2026-03-30 12:21:16.097726+03"
"bd1f21b6-d5e1-4cf0-b8fb-4c6740b6248c","agent-agent-credit-0006-sess-credit-0006","2","92","CreditAnalysisCompleted",2,"{""agent_id"": ""agent-credit-0006"", ""risk_tier"": ""LOW"", ""session_id"": ""sess-credit-0006"", ""completed_at"": ""2026-03-30 09:21:16.100368+00:00"", ""model_version"": ""credit-v2.1"", ""application_id"": ""APEX-COMMERCIAL-006"", ""input_data_hash"": ""13b55202a4a115b4eb0a40ed8aa8c7beeafba8f16fda53a85d3cfb9c6250149f"", ""confidence_score"": 0.86, ""regulatory_basis"": ""REG-2026-Q1"", ""analysis_duration_ms"": 1640, ""recommended_limit_usd"": ""953475.36""}","{""causation_id"": ""corr-9a48c8a7-ea1c-4ddf-848f-8209a6c599e3"", ""correlation_id"": ""corr-9a48c8a7-ea1c-4ddf-848f-8209a6c599e3"", ""schema_version"": 2}","2026-03-30 12:21:16.101619+03"
"3a60e995-e65e-499f-8ff9-9e5d6814e42c","loan-APEX-COMMERCIAL-006","3","93","CreditAnalysisCompleted",2,"{""agent_id"": ""agent-credit-0006"", ""risk_tier"": ""LOW"", ""session_id"": ""sess-credit-0006"", ""completed_at"": ""2026-03-30 09:21:16.100368+00:00"", ""model_version"": ""credit-v2.1"", ""application_id"": ""APEX-COMMERCIAL-006"", ""input_data_hash"": ""13b55202a4a115b4eb0a40ed8aa8c7beeafba8f16fda53a85d3cfb9c6250149f"", ""confidence_score"": 0.86, ""regulatory_basis"": ""REG-2026-Q1"", ""analysis_duration_ms"": 1640, ""recommended_limit_usd"": ""953475.36""}","{""causation_id"": ""corr-9a48c8a7-ea1c-4ddf-848f-8209a6c599e3"", ""correlation_id"": ""corr-9a48c8a7-ea1c-4ddf-848f-8209a6c599e3"", ""schema_version"": 2}","2026-03-30 12:21:16.10366+03"
"cafbbb0a-489a-48b4-b32c-2c5ec93882b8","agent-agent-credit-0006-sess-credit-0006","3","94","FraudScreeningCompleted",1,"{""agent_id"": ""agent-credit-0006"", ""fraud_score"": 0.256, ""screened_at"": ""2026-03-30 09:21:16.108193+00:00"", ""anomaly_flags"": [], ""application_id"": ""APEX-COMMERCIAL-006"", ""input_data_hash"": ""01b77b7813aa640018074e49129437274beb2471d42b2d4324a64368145fff67"", ""screening_model_version"": ""fraud-v3.1""}","{""correlation_id"": ""corr-1c71f470-6428-4737-b03c-74f1da3b9b63"", ""schema_version"": 1}","2026-03-30 12:21:16.108767+03"
"182784ea-11d7-4628-aa73-714586f89db1","loan-APEX-COMMERCIAL-006","4","95","FraudScreeningCompleted",1,"{""agent_id"": ""agent-credit-0006"", ""fraud_score"": 0.256, ""screened_at"": ""2026-03-30 09:21:16.108193+00:00"", ""anomaly_flags"": [], ""application_id"": ""APEX-COMMERCIAL-006"", ""input_data_hash"": ""01b77b7813aa640018074e49129437274beb2471d42b2d4324a64368145fff67"", ""screening_model_version"": ""fraud-v3.1""}","{""correlation_id"": ""corr-1c71f470-6428-4737-b03c-74f1da3b9b63"", ""schema_version"": 1}","2026-03-30 12:21:16.114437+03"
"0e694202-57e4-47fb-acf2-0f00f45c99f5","compliance-APEX-COMMERCIAL-006","1","96","ComplianceCheckRequested",1,"{""requested_at"": ""2026-03-30 09:21:16.117606+00:00"", ""application_id"": ""APEX-COMMERCIAL-006"", ""checks_required"": [""AML-001"", ""KYC-001"", ""SANCTIONS-001""], ""regulation_set_version"": ""REG-2026-Q1""}","{""correlation_id"": ""corr-9df09c15-a963-4bca-ad31-fad5af331f21"", ""schema_version"": 1}","2026-03-30 12:21:16.118693+03"
"de743826-a118-4426-afc5-5ac56ba6f118","loan-APEX-COMMERCIAL-006","5","97","ComplianceCheckRequested",1,"{""requested_at"": ""2026-03-30 09:21:16.117606+00:00"", ""application_id"": ""APEX-COMMERCIAL-006"", ""checks_required"": [""AML-001"", ""KYC-001"", ""SANCTIONS-001""], ""regulation_set_version"": ""REG-2026-Q1""}","{""correlation_id"": ""corr-9df09c15-a963-4bca-ad31-fad5af331f21"", ""schema_version"": 1}","2026-03-30 12:21:16.123306+03"
"9d1994d0-4193-4824-a425-ee880c9af0cc","compliance-APEX-COMMERCIAL-006","2","98","ComplianceRulePassed",1,"{""rule_id"": ""AML-001"", ""rule_version"": ""v2.1"", ""evidence_hash"": ""2a1d303eba97bce4aeab10fdf0e07aaa8ec6fb52aae7b41c87a0433d516dc4cf"", ""application_id"": ""APEX-COMMERCIAL-006"", ""evaluation_timestamp"": ""2026-03-30 09:21:16.127387+00:00""}","{""correlation_id"": ""corr-dddc8fcb-8d31-42e1-ae24-0bf4a42ee762"", ""schema_version"": 1}","2026-03-30 12:21:16.127839+03"
"462fa60e-57ec-4373-9587-f6a623007740","compliance-APEX-COMMERCIAL-006","3","99","ComplianceRulePassed",1,"{""rule_id"": ""KYC-001"", ""rule_version"": ""v1.8"", ""evidence_hash"": ""b85f07ff8461cb9245f93a4a332341d5366a9d10d36b76cd1e7640473feb46f6"", ""application_id"": ""APEX-COMMERCIAL-006"", ""evaluation_timestamp"": ""2026-03-30 09:21:16.129364+00:00""}","{""correlation_id"": ""corr-1a87c950-8145-4ee4-bc6c-706463aae57b"", ""schema_version"": 1}","2026-03-30 12:21:16.129812+03"
"604895ad-2f08-4ce8-9c59-303d4cc2a700","compliance-APEX-COMMERCIAL-006","4","100","ComplianceRulePassed",1,"{""rule_id"": ""SANCTIONS-001"", ""rule_version"": ""v3.0"", ""evidence_hash"": ""767be5ac90bc297b4c13c13d518d4bab547192c0010d7afdcc7001ce7bb4dbb9"", ""application_id"": ""APEX-COMMERCIAL-006"", ""evaluation_timestamp"": ""2026-03-30 09:21:16.131885+00:00""}","{""correlation_id"": ""corr-a51deb32-d1d2-44fc-babe-4d84b8a332a9"", ""schema_version"": 1}","2026-03-30 12:21:16.132267+03"
"e2c21080-55ae-4307-9c5d-a83371d9147a","compliance-APEX-COMMERCIAL-006","5","101","ComplianceClearanceIssued",1,"{""issued_at"": ""2026-03-30 09:21:16.133989+00:00"", ""checks_passed"": [""AML-001"", ""KYC-001"", ""SANCTIONS-001""], ""application_id"": ""APEX-COMMERCIAL-006"", ""issuing_agent_id"": ""agent-compliance-001"", ""regulation_set_version"": ""REG-2026-Q1""}","{""correlation_id"": ""corr-9447cc58-950e-4613-bf31-7333bb171da3"", ""schema_version"": 1}","2026-03-30 12:21:16.134774+03"
"854374d8-c404-47f2-9e39-7e2d816c261e","loan-APEX-COMMERCIAL-006","6","102","ComplianceClearanceIssued",1,"{""issued_at"": ""2026-03-30 09:21:16.133989+00:00"", ""checks_passed"": [""AML-001"", ""KYC-001"", ""SANCTIONS-001""], ""application_id"": ""APEX-COMMERCIAL-006"", ""issuing_agent_id"": ""agent-compliance-001"", ""regulation_set_version"": ""REG-2026-Q1""}","{""correlation_id"": ""corr-9447cc58-950e-4613-bf31-7333bb171da3"", ""schema_version"": 1}","2026-03-30 12:21:16.137296+03"
"4279b7b4-b5ca-4bf6-acd2-5343828dc182","agent-agent-orch-0006-sess-orch-0006","1","103","AgentContextLoaded",1,"{""agent_id"": ""agent-orch-0006"", ""loaded_at"": ""2026-03-30 09:21:16.138504+00:00"", ""session_id"": ""sess-orch-0006"", ""model_version"": ""orch-v1.0"", ""context_source"": ""fresh"", ""context_token_count"": 2048, ""event_replay_from_position"": 0}","{""correlation_id"": ""corr-bfcc3248-b7ab-4681-afec-c23605f586d7"", ""schema_version"": 1}","2026-03-30 12:21:16.140532+03"
"18e8d8df-69c7-4e79-a49d-00d9a596fc01","loan-APEX-COMMERCIAL-006","7","104","DecisionGenerated",2,"{""generated_at"": ""2026-03-30 09:21:16.148838+00:00"", ""application_id"": ""APEX-COMMERCIAL-006"", ""model_versions"": {""credit"": ""credit-v2.1"", ""orchestrator"": ""orch-v1.0""}, ""recommendation"": ""APPROVE"", ""confidence_score"": 0.86, ""orchestrator_agent_id"": ""agent-orch-0006"", ""decision_basis_summary"": ""Synthetic bulk simulation for dashboard."", ""contributing_agent_sessions"": [""agent-agent-credit-0006-sess-credit-0006""]}","{""correlation_id"": ""corr-f1861c4d-f5cc-42cb-9284-a48b14989ec9"", ""schema_version"": 2}","2026-03-30 12:21:16.149279+03"
"49b639f4-441b-4d0d-b2f2-7d5389ca6b6f","loan-APEX-COMMERCIAL-006","8","105","HumanReviewCompleted",1,"{""override"": false, ""reviewed_at"": ""2026-03-30 09:21:16.153258+00:00"", ""reviewer_id"": ""officer-0006"", ""application_id"": ""APEX-COMMERCIAL-006"", ""final_decision"": ""APPROVE"", ""override_reason"": null}","{""correlation_id"": ""corr-3b98be27-c5d2-416d-b5d5-fd492bb0be48"", ""schema_version"": 1}","2026-03-30 12:21:16.154964+03"
"16fbccca-e089-4e9f-9ae2-e8dc74074836","loan-APEX-COMMERCIAL-006","9","106","ApplicationApproved",1,"{""conditions"": [], ""approved_by"": ""officer-0006"", ""interest_rate"": 0.0, ""application_id"": ""APEX-COMMERCIAL-006"", ""effective_date"": ""2026-03-30 09:21:16.153282+00:00"", ""approved_amount_usd"": ""953475.36""}","{""correlation_id"": ""corr-3b98be27-c5d2-416d-b5d5-fd492bb0be48"", ""schema_version"": 1}","2026-03-30 12:21:16.155337+03"
"b7f3830e-a76d-40e7-82a9-9579d27da461","agent-agent-credit-0007-sess-credit-0007","1","107","AgentContextLoaded",1,"{""agent_id"": ""agent-credit-0007"", ""loaded_at"": ""2026-03-30 09:21:16.158111+00:00"", ""session_id"": ""sess-credit-0007"", ""model_version"": ""credit-v2.1"", ""context_source"": ""fresh"", ""context_token_count"": 4096, ""event_replay_from_position"": 0}","{""correlation_id"": ""corr-e348984a-650f-4f8c-ba6f-6eb5d44fb808"", ""schema_version"": 1}","2026-03-30 12:21:16.158641+03"
"2e608e1b-f45d-4da0-8386-887b012f2076","loan-APEX-COMMERCIAL-007","1","108","ApplicationSubmitted",1,"{""applicant_id"": ""borrower-0007"", ""loan_purpose"": ""Working capital"", ""submitted_at"": ""2026-03-30 09:21:16.162536+00:00"", ""application_id"": ""APEX-COMMERCIAL-007"", ""submission_channel"": ""broker"", ""requested_amount_usd"": ""296100.0""}","{""correlation_id"": ""corr-2de461bb-c0ce-40aa-af77-c6088295d36b"", ""schema_version"": 1}","2026-03-30 12:21:16.163877+03"
"68cb2f04-933c-4503-82ea-e45d99b5db83","loan-APEX-COMMERCIAL-007","2","109","CreditAnalysisRequested",1,"{""priority"": ""HIGH"", ""requested_at"": ""2026-03-30 09:21:16.166024+00:00"", ""application_id"": ""APEX-COMMERCIAL-007"", ""assigned_agent_id"": ""agent-credit-0007""}","{""correlation_id"": ""corr-972b1fbf-5bcb-43ee-aea1-71bf61a5a40c"", ""schema_version"": 1}","2026-03-30 12:21:16.166604+03"
"b56f957f-4668-49b0-9602-a7fe588d7812","agent-agent-credit-0007-sess-credit-0007","2","110","CreditAnalysisCompleted",2,"{""agent_id"": ""agent-credit-0007"", ""risk_tier"": ""MEDIUM"", ""session_id"": ""sess-credit-0007"", ""completed_at"": ""2026-03-30 09:21:16.169937+00:00"", ""model_version"": ""credit-v2.1"", ""application_id"": ""APEX-COMMERCIAL-007"", ""input_data_hash"": ""96013bdb7cb55caec6d1fd80f9f820f5683f999c1d882dfe5d0a186f0be93111"", ""confidence_score"": 0.96, ""regulatory_basis"": ""REG-2026-Q1"", ""analysis_duration_ms"": 1106, ""recommended_limit_usd"": ""282466.72""}","{""causation_id"": ""corr-cd803a74-8b01-42c1-ad20-0505f9667198"", ""correlation_id"": ""corr-cd803a74-8b01-42c1-ad20-0505f9667198"", ""schema_version"": 2}","2026-03-30 12:21:16.170601+03"
"ba1984b6-2b4f-4194-97f4-bf4c2a8caf12","loan-APEX-COMMERCIAL-007","3","111","CreditAnalysisCompleted",2,"{""agent_id"": ""agent-credit-0007"", ""risk_tier"": ""MEDIUM"", ""session_id"": ""sess-credit-0007"", ""completed_at"": ""2026-03-30 09:21:16.169937+00:00"", ""model_version"": ""credit-v2.1"", ""application_id"": ""APEX-COMMERCIAL-007"", ""input_data_hash"": ""96013bdb7cb55caec6d1fd80f9f820f5683f999c1d882dfe5d0a186f0be93111"", ""confidence_score"": 0.96, ""regulatory_basis"": ""REG-2026-Q1"", ""analysis_duration_ms"": 1106, ""recommended_limit_usd"": ""282466.72""}","{""causation_id"": ""corr-cd803a74-8b01-42c1-ad20-0505f9667198"", ""correlation_id"": ""corr-cd803a74-8b01-42c1-ad20-0505f9667198"", ""schema_version"": 2}","2026-03-30 12:21:16.172957+03"
"3ef1dd78-923b-4497-8109-c3304302b629","agent-agent-credit-0007-sess-credit-0007","3","112","FraudScreeningCompleted",1,"{""agent_id"": ""agent-credit-0007"", ""fraud_score"": 0.659, ""screened_at"": ""2026-03-30 09:21:16.181137+00:00"", ""anomaly_flags"": [], ""application_id"": ""APEX-COMMERCIAL-007"", ""input_data_hash"": ""7dad011632a2cea6edac3b2007d3fd1ccb5fd98ca704cc18435bd99d6f098c44"", ""screening_model_version"": ""fraud-v3.1""}","{""correlation_id"": ""corr-b246dde7-406b-4aa1-9399-8c897a6324a1"", ""schema_version"": 1}","2026-03-30 12:21:16.181939+03"
"8b7fc0dc-e2ad-4462-b914-a578a73e2110","loan-APEX-COMMERCIAL-007","4","113","FraudScreeningCompleted",1,"{""agent_id"": ""agent-credit-0007"", ""fraud_score"": 0.659, ""screened_at"": ""2026-03-30 09:21:16.181137+00:00"", ""anomaly_flags"": [], ""application_id"": ""APEX-COMMERCIAL-007"", ""input_data_hash"": ""7dad011632a2cea6edac3b2007d3fd1ccb5fd98ca704cc18435bd99d6f098c44"", ""screening_model_version"": ""fraud-v3.1""}","{""correlation_id"": ""corr-b246dde7-406b-4aa1-9399-8c897a6324a1"", ""schema_version"": 1}","2026-03-30 12:21:16.186475+03"
"a38cb179-6c26-45c4-bc67-8bc1a3368f66","compliance-APEX-COMMERCIAL-007","1","114","ComplianceCheckRequested",1,"{""requested_at"": ""2026-03-30 09:21:16.190795+00:00"", ""application_id"": ""APEX-COMMERCIAL-007"", ""checks_required"": [""AML-001"", ""KYC-001"", ""SANCTIONS-001""], ""regulation_set_version"": ""REG-2026-Q1""}","{""correlation_id"": ""corr-5be23d40-791e-41d8-8745-329be82112d3"", ""schema_version"": 1}","2026-03-30 12:21:16.191495+03"
"fc9a6452-df9d-4adc-a173-f3d676366e88","loan-APEX-COMMERCIAL-007","5","115","ComplianceCheckRequested",1,"{""requested_at"": ""2026-03-30 09:21:16.190795+00:00"", ""application_id"": ""APEX-COMMERCIAL-007"", ""checks_required"": [""AML-001"", ""KYC-001"", ""SANCTIONS-001""], ""regulation_set_version"": ""REG-2026-Q1""}","{""correlation_id"": ""corr-5be23d40-791e-41d8-8745-329be82112d3"", ""schema_version"": 1}","2026-03-30 12:21:16.193113+03"
"90064dea-112b-4793-93c2-1d230c67132e","compliance-APEX-COMMERCIAL-007","2","116","ComplianceRulePassed",1,"{""rule_id"": ""AML-001"", ""rule_version"": ""v2.1"", ""evidence_hash"": ""2a1d303eba97bce4aeab10fdf0e07aaa8ec6fb52aae7b41c87a0433d516dc4cf"", ""application_id"": ""APEX-COMMERCIAL-007"", ""evaluation_timestamp"": ""2026-03-30 09:21:16.196368+00:00""}","{""correlation_id"": ""corr-d538244a-c524-4acf-9562-7a5a76361eac"", ""schema_version"": 1}","2026-03-30 12:21:16.196876+03"
"3afe700a-1033-44ce-b363-0cbda0f4e091","compliance-APEX-COMMERCIAL-007","3","117","ComplianceRulePassed",1,"{""rule_id"": ""KYC-001"", ""rule_version"": ""v1.8"", ""evidence_hash"": ""b85f07ff8461cb9245f93a4a332341d5366a9d10d36b76cd1e7640473feb46f6"", ""application_id"": ""APEX-COMMERCIAL-007"", ""evaluation_timestamp"": ""2026-03-30 09:21:16.198522+00:00""}","{""correlation_id"": ""corr-3533e2eb-3ee2-4c94-9322-f1250c1d8313"", ""schema_version"": 1}","2026-03-30 12:21:16.1989+03"
"1d2450e4-310b-4ec2-ae31-5e5fe16ec408","compliance-APEX-COMMERCIAL-007","4","118","ComplianceRulePassed",1,"{""rule_id"": ""SANCTIONS-001"", ""rule_version"": ""v3.0"", ""evidence_hash"": ""767be5ac90bc297b4c13c13d518d4bab547192c0010d7afdcc7001ce7bb4dbb9"", ""application_id"": ""APEX-COMMERCIAL-007"", ""evaluation_timestamp"": ""2026-03-30 09:21:16.201421+00:00""}","{""correlation_id"": ""corr-4a870171-c6e2-484a-aebd-d225b14a5993"", ""schema_version"": 1}","2026-03-30 12:21:16.202244+03"
"2fe20c5f-d40d-48f0-9516-287c7c0ecf9b","compliance-APEX-COMMERCIAL-007","5","119","ComplianceClearanceIssued",1,"{""issued_at"": ""2026-03-30 09:21:16.205168+00:00"", ""checks_passed"": [""AML-001"", ""KYC-001"", ""SANCTIONS-001""], ""application_id"": ""APEX-COMMERCIAL-007"", ""issuing_agent_id"": ""agent-compliance-001"", ""regulation_set_version"": ""REG-2026-Q1""}","{""correlation_id"": ""corr-6ab9acee-0ab3-4f91-adcf-a2bb591a7934"", ""schema_version"": 1}","2026-03-30 12:21:16.205816+03"
"ed4190b3-113f-4d33-b0d3-759c0498a248","loan-APEX-COMMERCIAL-007","6","120","ComplianceClearanceIssued",1,"{""issued_at"": ""2026-03-30 09:21:16.205168+00:00"", ""checks_passed"": [""AML-001"", ""KYC-001"", ""SANCTIONS-001""], ""application_id"": ""APEX-COMMERCIAL-007"", ""issuing_agent_id"": ""agent-compliance-001"", ""regulation_set_version"": ""REG-2026-Q1""}","{""correlation_id"": ""corr-6ab9acee-0ab3-4f91-adcf-a2bb591a7934"", ""schema_version"": 1}","2026-03-30 12:21:16.210048+03"
"24866f23-675a-487d-8377-f486a77e22a9","agent-agent-orch-0007-sess-orch-0007","1","121","AgentContextLoaded",1,"{""agent_id"": ""agent-orch-0007"", ""loaded_at"": ""2026-03-30 09:21:16.211988+00:00"", ""session_id"": ""sess-orch-0007"", ""model_version"": ""orch-v1.0"", ""context_source"": ""fresh"", ""context_token_count"": 2048, ""event_replay_from_position"": 0}","{""correlation_id"": ""corr-8475378c-2af4-48a2-95d3-3e1b418b9bca"", ""schema_version"": 1}","2026-03-30 12:21:16.212439+03"
"6e7eec65-2034-4403-863a-079c2474862f","loan-APEX-COMMERCIAL-007","7","122","DecisionGenerated",2,"{""generated_at"": ""2026-03-30 09:21:16.217574+00:00"", ""application_id"": ""APEX-COMMERCIAL-007"", ""model_versions"": {""credit"": ""credit-v2.1"", ""orchestrator"": ""orch-v1.0""}, ""recommendation"": ""DECLINE"", ""confidence_score"": 0.96, ""orchestrator_agent_id"": ""agent-orch-0007"", ""decision_basis_summary"": ""Synthetic bulk simulation for dashboard."", ""contributing_agent_sessions"": [""agent-agent-credit-0007-sess-credit-0007""]}","{""correlation_id"": ""corr-b0f9e7cd-35a9-465a-9101-9b49e7566299"", ""schema_version"": 2}","2026-03-30 12:21:16.218928+03"
"8ec7336c-0dc0-4df8-b899-565495fea6bc","loan-APEX-COMMERCIAL-007","8","123","HumanReviewCompleted",1,"{""override"": false, ""reviewed_at"": ""2026-03-30 09:21:16.224400+00:00"", ""reviewer_id"": ""officer-0007"", ""application_id"": ""APEX-COMMERCIAL-007"", ""final_decision"": ""DECLINE"", ""override_reason"": null}","{""correlation_id"": ""corr-91edf9c4-a4f1-4c06-8d76-30be95c5b612"", ""schema_version"": 1}","2026-03-30 12:21:16.225118+03"
"eccfaf34-a66b-4bd0-8af1-98d779e02b0c","loan-APEX-COMMERCIAL-007","9","124","ApplicationDeclined",1,"{""declined_at"": ""2026-03-30 09:21:16.224413+00:00"", ""declined_by"": ""officer-0007"", ""application_id"": ""APEX-COMMERCIAL-007"", ""decline_reasons"": [""Human review decision: decline""], ""adverse_action_notice_required"": true}","{""correlation_id"": ""corr-91edf9c4-a4f1-4c06-8d76-30be95c5b612"", ""schema_version"": 1}","2026-03-30 12:21:16.225622+03"
"6253c773-4471-4ce7-b0bd-fa279ce23e70","agent-agent-credit-0008-sess-credit-0008","1","125","AgentContextLoaded",1,"{""agent_id"": ""agent-credit-0008"", ""loaded_at"": ""2026-03-30 09:21:16.230568+00:00"", ""session_id"": ""sess-credit-0008"", ""model_version"": ""credit-v2.1"", ""context_source"": ""fresh"", ""context_token_count"": 4096, ""event_replay_from_position"": 0}","{""correlation_id"": ""corr-a5ac89b3-aa93-4282-92a3-a5dd1b76bf01"", ""schema_version"": 1}","2026-03-30 12:21:16.232187+03"
"ecb8408f-d4a5-4bbe-a645-b7512e487b47","loan-APEX-COMMERCIAL-008","1","126","ApplicationSubmitted",1,"{""applicant_id"": ""borrower-0008"", ""loan_purpose"": ""Working capital"", ""submitted_at"": ""2026-03-30 09:21:16.234886+00:00"", ""application_id"": ""APEX-COMMERCIAL-008"", ""submission_channel"": ""broker"", ""requested_amount_usd"": ""1949256.0""}","{""correlation_id"": ""corr-a74499d5-c252-419a-aecc-6d1725d95fe5"", ""schema_version"": 1}","2026-03-30 12:21:16.235617+03"
"527d62b4-c8ab-4891-b471-eac3867b4578","loan-APEX-COMMERCIAL-008","2","127","CreditAnalysisRequested",1,"{""priority"": ""HIGH"", ""requested_at"": ""2026-03-30 09:21:16.237935+00:00"", ""application_id"": ""APEX-COMMERCIAL-008"", ""assigned_agent_id"": ""agent-credit-0008""}","{""correlation_id"": ""corr-27f69de7-8875-4744-bf59-dd2aa0c81ef4"", ""schema_version"": 1}","2026-03-30 12:21:16.238445+03"
"f79c942c-4180-40bc-92d9-60bb1286f694","agent-agent-credit-0008-sess-credit-0008","2","128","CreditAnalysisCompleted",2,"{""agent_id"": ""agent-credit-0008"", ""risk_tier"": ""MEDIUM"", ""session_id"": ""sess-credit-0008"", ""completed_at"": ""2026-03-30 09:21:16.243364+00:00"", ""model_version"": ""credit-v2.1"", ""application_id"": ""APEX-COMMERCIAL-008"", ""input_data_hash"": ""02f333cd164e6b6233433a1ed4632c10aec5c76316d19bef67a19b355c9d9794"", ""confidence_score"": 0.74, ""regulatory_basis"": ""REG-2026-Q1"", ""analysis_duration_ms"": 2299, ""recommended_limit_usd"": ""1653078.26""}","{""causation_id"": ""corr-d5ba4f83-cd42-4457-a2fd-300e9c7f155f"", ""correlation_id"": ""corr-d5ba4f83-cd42-4457-a2fd-300e9c7f155f"", ""schema_version"": 2}","2026-03-30 12:21:16.244625+03"
"cfb29187-15b2-484a-8b5a-2a438609aba5","loan-APEX-COMMERCIAL-008","3","129","CreditAnalysisCompleted",2,"{""agent_id"": ""agent-credit-0008"", ""risk_tier"": ""MEDIUM"", ""session_id"": ""sess-credit-0008"", ""completed_at"": ""2026-03-30 09:21:16.243364+00:00"", ""model_version"": ""credit-v2.1"", ""application_id"": ""APEX-COMMERCIAL-008"", ""input_data_hash"": ""02f333cd164e6b6233433a1ed4632c10aec5c76316d19bef67a19b355c9d9794"", ""confidence_score"": 0.74, ""regulatory_basis"": ""REG-2026-Q1"", ""analysis_duration_ms"": 2299, ""recommended_limit_usd"": ""1653078.26""}","{""causation_id"": ""corr-d5ba4f83-cd42-4457-a2fd-300e9c7f155f"", ""correlation_id"": ""corr-d5ba4f83-cd42-4457-a2fd-300e9c7f155f"", ""schema_version"": 2}","2026-03-30 12:21:16.249099+03"
"7f183eb3-ab7b-4a50-b632-905c663cee69","agent-agent-credit-0008-sess-credit-0008","3","130","FraudScreeningCompleted",1,"{""agent_id"": ""agent-credit-0008"", ""fraud_score"": 0.321, ""screened_at"": ""2026-03-30 09:21:16.256948+00:00"", ""anomaly_flags"": [], ""application_id"": ""APEX-COMMERCIAL-008"", ""input_data_hash"": ""39e7bc492faa669ab48854ed0c1c8ccf68bbfd07201303a23e1ca9819598f0d6"", ""screening_model_version"": ""fraud-v3.1""}","{""correlation_id"": ""corr-456e326d-d91f-4476-aaae-17f5eb4030d3"", ""schema_version"": 1}","2026-03-30 12:21:16.257372+03"
"3d3f2bef-0e8b-4c0b-bf05-889fa5d076e4","loan-APEX-COMMERCIAL-008","4","131","FraudScreeningCompleted",1,"{""agent_id"": ""agent-credit-0008"", ""fraud_score"": 0.321, ""screened_at"": ""2026-03-30 09:21:16.256948+00:00"", ""anomaly_flags"": [], ""application_id"": ""APEX-COMMERCIAL-008"", ""input_data_hash"": ""39e7bc492faa669ab48854ed0c1c8ccf68bbfd07201303a23e1ca9819598f0d6"", ""screening_model_version"": ""fraud-v3.1""}","{""correlation_id"": ""corr-456e326d-d91f-4476-aaae-17f5eb4030d3"", ""schema_version"": 1}","2026-03-30 12:21:16.25933+03"
"87c46564-9ad4-4787-b2a1-3a7930e4f95d","compliance-APEX-COMMERCIAL-008","1","132","ComplianceCheckRequested",1,"{""requested_at"": ""2026-03-30 09:21:16.261959+00:00"", ""application_id"": ""APEX-COMMERCIAL-008"", ""checks_required"": [""AML-001"", ""KYC-001"", ""SANCTIONS-001""], ""regulation_set_version"": ""REG-2026-Q1""}","{""correlation_id"": ""corr-294ea478-be21-4eed-83d1-d5275d020ce4"", ""schema_version"": 1}","2026-03-30 12:21:16.262512+03"
"6b892247-aeb9-4da9-9318-c7a3bea1776e","loan-APEX-COMMERCIAL-008","5","133","ComplianceCheckRequested",1,"{""requested_at"": ""2026-03-30 09:21:16.261959+00:00"", ""application_id"": ""APEX-COMMERCIAL-008"", ""checks_required"": [""AML-001"", ""KYC-001"", ""SANCTIONS-001""], ""regulation_set_version"": ""REG-2026-Q1""}","{""correlation_id"": ""corr-294ea478-be21-4eed-83d1-d5275d020ce4"", ""schema_version"": 1}","2026-03-30 12:21:16.264135+03"
"e94bee3a-588b-4f2f-92e8-8466c30e83f8","compliance-APEX-COMMERCIAL-008","2","134","ComplianceRulePassed",1,"{""rule_id"": ""AML-001"", ""rule_version"": ""v2.1"", ""evidence_hash"": ""2a1d303eba97bce4aeab10fdf0e07aaa8ec6fb52aae7b41c87a0433d516dc4cf"", ""application_id"": ""APEX-COMMERCIAL-008"", ""evaluation_timestamp"": ""2026-03-30 09:21:16.265947+00:00""}","{""correlation_id"": ""corr-efb0349a-7320-4e34-9869-24342e89f0c6"", ""schema_version"": 1}","2026-03-30 12:21:16.266318+03"
"8a5d6787-e141-4291-86f4-5532053a15c4","compliance-APEX-COMMERCIAL-008","3","135","ComplianceRulePassed",1,"{""rule_id"": ""KYC-001"", ""rule_version"": ""v1.8"", ""evidence_hash"": ""b85f07ff8461cb9245f93a4a332341d5366a9d10d36b76cd1e7640473feb46f6"", ""application_id"": ""APEX-COMMERCIAL-008"", ""evaluation_timestamp"": ""2026-03-30 09:21:16.269250+00:00""}","{""correlation_id"": ""corr-ca732761-9986-48b4-b5c3-67b631567f98"", ""schema_version"": 1}","2026-03-30 12:21:16.270122+03"
"ee54eec6-c44c-493e-9623-80057e6935f8","compliance-APEX-COMMERCIAL-008","4","136","ComplianceRulePassed",1,"{""rule_id"": ""SANCTIONS-001"", ""rule_version"": ""v3.0"", ""evidence_hash"": ""767be5ac90bc297b4c13c13d518d4bab547192c0010d7afdcc7001ce7bb4dbb9"", ""application_id"": ""APEX-COMMERCIAL-008"", ""evaluation_timestamp"": ""2026-03-30 09:21:16.272617+00:00""}","{""correlation_id"": ""corr-6cfce2a5-b110-4e37-ba3d-3f2be76d3a1b"", ""schema_version"": 1}","2026-03-30 12:21:16.273528+03"
"686ac10e-d650-4d2e-a4d6-115bd3bc5b0e","compliance-APEX-COMMERCIAL-008","5","137","ComplianceClearanceIssued",1,"{""issued_at"": ""2026-03-30 09:21:16.277889+00:00"", ""checks_passed"": [""AML-001"", ""KYC-001"", ""SANCTIONS-001""], ""application_id"": ""APEX-COMMERCIAL-008"", ""issuing_agent_id"": ""agent-compliance-001"", ""regulation_set_version"": ""REG-2026-Q1""}","{""correlation_id"": ""corr-0785f0b2-ed66-427e-9e6c-2bc0998b6361"", ""schema_version"": 1}","2026-03-30 12:21:16.280416+03"
"fedbe29b-9d91-45c3-992b-4226a8b0ad0e","loan-APEX-COMMERCIAL-008","6","138","ComplianceClearanceIssued",1,"{""issued_at"": ""2026-03-30 09:21:16.277889+00:00"", ""checks_passed"": [""AML-001"", ""KYC-001"", ""SANCTIONS-001""], ""application_id"": ""APEX-COMMERCIAL-008"", ""issuing_agent_id"": ""agent-compliance-001"", ""regulation_set_version"": ""REG-2026-Q1""}","{""correlation_id"": ""corr-0785f0b2-ed66-427e-9e6c-2bc0998b6361"", ""schema_version"": 1}","2026-03-30 12:21:16.285739+03"
"2dd51732-a59e-455a-adf5-3ba2d84e7445","agent-agent-orch-0008-sess-orch-0008","1","139","AgentContextLoaded",1,"{""agent_id"": ""agent-orch-0008"", ""loaded_at"": ""2026-03-30 09:21:16.289220+00:00"", ""session_id"": ""sess-orch-0008"", ""model_version"": ""orch-v1.0"", ""context_source"": ""fresh"", ""context_token_count"": 2048, ""event_replay_from_position"": 0}","{""correlation_id"": ""corr-248dc2e1-2b84-4f2f-8596-ee26223e7dcb"", ""schema_version"": 1}","2026-03-30 12:21:16.290508+03"
"e6b9c8b2-6e88-437e-8dc5-fb5933ed95c8","loan-APEX-COMMERCIAL-008","7","140","DecisionGenerated",2,"{""generated_at"": ""2026-03-30 09:21:16.296118+00:00"", ""application_id"": ""APEX-COMMERCIAL-008"", ""model_versions"": {""credit"": ""credit-v2.1"", ""orchestrator"": ""orch-v1.0""}, ""recommendation"": ""APPROVE"", ""confidence_score"": 0.74, ""orchestrator_agent_id"": ""agent-orch-0008"", ""decision_basis_summary"": ""Synthetic bulk simulation for dashboard."", ""contributing_agent_sessions"": [""agent-agent-credit-0008-sess-credit-0008""]}","{""correlation_id"": ""corr-3b185ae7-beea-405c-b2d9-9c4f945d4bea"", ""schema_version"": 2}","2026-03-30 12:21:16.297141+03"
"0fa0486a-3c16-41e4-96ba-9ee61f8727b8","loan-APEX-COMMERCIAL-008","8","141","HumanReviewCompleted",1,"{""override"": false, ""reviewed_at"": ""2026-03-30 09:21:16.300725+00:00"", ""reviewer_id"": ""officer-0008"", ""application_id"": ""APEX-COMMERCIAL-008"", ""final_decision"": ""APPROVE"", ""override_reason"": null}","{""correlation_id"": ""corr-5403bcbf-cb6a-4617-a46f-e088f9d326c3"", ""schema_version"": 1}","2026-03-30 12:21:16.301786+03"
"5367a1a3-9736-49f0-8d56-46485e7524f5","loan-APEX-COMMERCIAL-008","9","142","ApplicationApproved",1,"{""conditions"": [], ""approved_by"": ""officer-0008"", ""interest_rate"": 0.0, ""application_id"": ""APEX-COMMERCIAL-008"", ""effective_date"": ""2026-03-30 09:21:16.300745+00:00"", ""approved_amount_usd"": ""1653078.26""}","{""correlation_id"": ""corr-5403bcbf-cb6a-4617-a46f-e088f9d326c3"", ""schema_version"": 1}","2026-03-30 12:21:16.302219+03"
"60b0c8bb-2c83-49d6-b528-5d8670a5b2ec","agent-agent-credit-0009-sess-credit-0009","1","143","AgentContextLoaded",1,"{""agent_id"": ""agent-credit-0009"", ""loaded_at"": ""2026-03-30 09:21:16.304675+00:00"", ""session_id"": ""sess-credit-0009"", ""model_version"": ""credit-v2.1"", ""context_source"": ""fresh"", ""context_token_count"": 4096, ""event_replay_from_position"": 0}","{""correlation_id"": ""corr-3792db44-a4c0-474a-89b1-eb622a888090"", ""schema_version"": 1}","2026-03-30 12:21:16.305134+03"
"36170085-40f3-412e-b2f3-c0ffcde920e5","loan-APEX-COMMERCIAL-009","1","144","ApplicationSubmitted",1,"{""applicant_id"": ""borrower-0009"", ""loan_purpose"": ""Working capital"", ""submitted_at"": ""2026-03-30 09:21:16.307650+00:00"", ""application_id"": ""APEX-COMMERCIAL-009"", ""submission_channel"": ""broker"", ""requested_amount_usd"": ""558903.0""}","{""correlation_id"": ""corr-0f20795a-5196-42a3-b09a-7603964fb8e9"", ""schema_version"": 1}","2026-03-30 12:21:16.308273+03"
"5f249195-8f20-4f7e-b94f-cb2c584908cb","loan-APEX-COMMERCIAL-009","2","145","CreditAnalysisRequested",1,"{""priority"": ""HIGH"", ""requested_at"": ""2026-03-30 09:21:16.315053+00:00"", ""application_id"": ""APEX-COMMERCIAL-009"", ""assigned_agent_id"": ""agent-credit-0009""}","{""correlation_id"": ""corr-4b69cc12-2ffa-4621-a088-51500379a36b"", ""schema_version"": 1}","2026-03-30 12:21:16.315836+03"
"9f12f90b-f8d3-4500-b3b7-590ec6cd573c","agent-agent-credit-0009-sess-credit-0009","2","146","CreditAnalysisCompleted",2,"{""agent_id"": ""agent-credit-0009"", ""risk_tier"": ""MEDIUM"", ""session_id"": ""sess-credit-0009"", ""completed_at"": ""2026-03-30 09:21:16.321290+00:00"", ""model_version"": ""credit-v2.1"", ""application_id"": ""APEX-COMMERCIAL-009"", ""input_data_hash"": ""89593f833295171118a378c33881202113ab0ea21779506c1a96c7df8ad75bee"", ""confidence_score"": 0.81, ""regulatory_basis"": ""REG-2026-Q1"", ""analysis_duration_ms"": 2210, ""recommended_limit_usd"": ""474279.84""}","{""causation_id"": ""corr-a649c05d-566d-4cd6-9968-76bdf34447cf"", ""correlation_id"": ""corr-a649c05d-566d-4cd6-9968-76bdf34447cf"", ""schema_version"": 2}","2026-03-30 12:21:16.323732+03"
"4e65be6f-05b5-4369-ba51-98ee7c079ec1","loan-APEX-COMMERCIAL-009","3","147","CreditAnalysisCompleted",2,"{""agent_id"": ""agent-credit-0009"", ""risk_tier"": ""MEDIUM"", ""session_id"": ""sess-credit-0009"", ""completed_at"": ""2026-03-30 09:21:16.321290+00:00"", ""model_version"": ""credit-v2.1"", ""application_id"": ""APEX-COMMERCIAL-009"", ""input_data_hash"": ""89593f833295171118a378c33881202113ab0ea21779506c1a96c7df8ad75bee"", ""confidence_score"": 0.81, ""regulatory_basis"": ""REG-2026-Q1"", ""analysis_duration_ms"": 2210, ""recommended_limit_usd"": ""474279.84""}","{""causation_id"": ""corr-a649c05d-566d-4cd6-9968-76bdf34447cf"", ""correlation_id"": ""corr-a649c05d-566d-4cd6-9968-76bdf34447cf"", ""schema_version"": 2}","2026-03-30 12:21:16.325932+03"
"85655ec8-e94d-47c9-aca8-a5fd5cbd0592","agent-agent-credit-0009-sess-credit-0009","3","148","FraudScreeningCompleted",1,"{""agent_id"": ""agent-credit-0009"", ""fraud_score"": 0.216, ""screened_at"": ""2026-03-30 09:21:16.330675+00:00"", ""anomaly_flags"": [], ""application_id"": ""APEX-COMMERCIAL-009"", ""input_data_hash"": ""b97f771c28f9d9c0dc73e8af33a1da29d2005d5bec202e54d8e56354b4934451"", ""screening_model_version"": ""fraud-v3.1""}","{""correlation_id"": ""corr-f3aad008-7a6b-4c68-92a6-8801e358a398"", ""schema_version"": 1}","2026-03-30 12:21:16.331318+03"
"fb1d498f-7782-4cae-b4e8-b652290f34e8","loan-APEX-COMMERCIAL-009","4","149","FraudScreeningCompleted",1,"{""agent_id"": ""agent-credit-0009"", ""fraud_score"": 0.216, ""screened_at"": ""2026-03-30 09:21:16.330675+00:00"", ""anomaly_flags"": [], ""application_id"": ""APEX-COMMERCIAL-009"", ""input_data_hash"": ""b97f771c28f9d9c0dc73e8af33a1da29d2005d5bec202e54d8e56354b4934451"", ""screening_model_version"": ""fraud-v3.1""}","{""correlation_id"": ""corr-f3aad008-7a6b-4c68-92a6-8801e358a398"", ""schema_version"": 1}","2026-03-30 12:21:16.33499+03"
"46981191-bcb2-424e-a7bf-e70ce9998779","compliance-APEX-COMMERCIAL-009","1","150","ComplianceCheckRequested",1,"{""requested_at"": ""2026-03-30 09:21:16.337490+00:00"", ""application_id"": ""APEX-COMMERCIAL-009"", ""checks_required"": [""AML-001"", ""KYC-001"", ""SANCTIONS-001""], ""regulation_set_version"": ""REG-2026-Q1""}","{""correlation_id"": ""corr-a4be2d60-1190-47a3-aced-3b01a0eb5668"", ""schema_version"": 1}","2026-03-30 12:21:16.337987+03"
"52696bc9-1b26-4420-a083-68e21436c4be","loan-APEX-COMMERCIAL-009","5","151","ComplianceCheckRequested",1,"{""requested_at"": ""2026-03-30 09:21:16.337490+00:00"", ""application_id"": ""APEX-COMMERCIAL-009"", ""checks_required"": [""AML-001"", ""KYC-001"", ""SANCTIONS-001""], ""regulation_set_version"": ""REG-2026-Q1""}","{""correlation_id"": ""corr-a4be2d60-1190-47a3-aced-3b01a0eb5668"", ""schema_version"": 1}","2026-03-30 12:21:16.339649+03"
"ede8e558-f194-4b6e-a657-a908fb2ab255","compliance-APEX-COMMERCIAL-009","2","152","ComplianceRulePassed",1,"{""rule_id"": ""AML-001"", ""rule_version"": ""v2.1"", ""evidence_hash"": ""2a1d303eba97bce4aeab10fdf0e07aaa8ec6fb52aae7b41c87a0433d516dc4cf"", ""application_id"": ""APEX-COMMERCIAL-009"", ""evaluation_timestamp"": ""2026-03-30 09:21:16.344499+00:00""}","{""correlation_id"": ""corr-a611cdf7-de6f-4da6-92cf-8b3f4e338086"", ""schema_version"": 1}","2026-03-30 12:21:16.345041+03"
"88a08ee4-f238-48ab-95ee-d6b72d006bfe","compliance-APEX-COMMERCIAL-009","3","153","ComplianceRulePassed",1,"{""rule_id"": ""KYC-001"", ""rule_version"": ""v1.8"", ""evidence_hash"": ""b85f07ff8461cb9245f93a4a332341d5366a9d10d36b76cd1e7640473feb46f6"", ""application_id"": ""APEX-COMMERCIAL-009"", ""evaluation_timestamp"": ""2026-03-30 09:21:16.348918+00:00""}","{""correlation_id"": ""corr-1a9c3e9f-7eea-4528-afac-b1204dffbb9d"", ""schema_version"": 1}","2026-03-30 12:21:16.349493+03"
"5d3bac0a-3c7f-4e6a-8644-59d3e8a55f5a","compliance-APEX-COMMERCIAL-009","4","154","ComplianceRulePassed",1,"{""rule_id"": ""SANCTIONS-001"", ""rule_version"": ""v3.0"", ""evidence_hash"": ""767be5ac90bc297b4c13c13d518d4bab547192c0010d7afdcc7001ce7bb4dbb9"", ""application_id"": ""APEX-COMMERCIAL-009"", ""evaluation_timestamp"": ""2026-03-30 09:21:16.352989+00:00""}","{""correlation_id"": ""corr-abd13df4-4d95-43ee-9c3d-9f8ade0f9724"", ""schema_version"": 1}","2026-03-30 12:21:16.355198+03"
"7ffd1a37-f859-4df5-b7aa-6dc166e14b78","compliance-APEX-COMMERCIAL-009","5","155","ComplianceClearanceIssued",1,"{""issued_at"": ""2026-03-30 09:21:16.357910+00:00"", ""checks_passed"": [""AML-001"", ""KYC-001"", ""SANCTIONS-001""], ""application_id"": ""APEX-COMMERCIAL-009"", ""issuing_agent_id"": ""agent-compliance-001"", ""regulation_set_version"": ""REG-2026-Q1""}","{""correlation_id"": ""corr-3e638495-8c92-40da-960f-4c37b1ae5309"", ""schema_version"": 1}","2026-03-30 12:21:16.35855+03"
"d6c1d66b-043b-47aa-8006-17862ccc1c7d","loan-APEX-COMMERCIAL-009","6","156","ComplianceClearanceIssued",1,"{""issued_at"": ""2026-03-30 09:21:16.357910+00:00"", ""checks_passed"": [""AML-001"", ""KYC-001"", ""SANCTIONS-001""], ""application_id"": ""APEX-COMMERCIAL-009"", ""issuing_agent_id"": ""agent-compliance-001"", ""regulation_set_version"": ""REG-2026-Q1""}","{""correlation_id"": ""corr-3e638495-8c92-40da-960f-4c37b1ae5309"", ""schema_version"": 1}","2026-03-30 12:21:16.365909+03"
"3c82980c-8486-47a9-84ea-786cba63cf1b","agent-agent-orch-0009-sess-orch-0009","1","157","AgentContextLoaded",1,"{""agent_id"": ""agent-orch-0009"", ""loaded_at"": ""2026-03-30 09:21:16.368554+00:00"", ""session_id"": ""sess-orch-0009"", ""model_version"": ""orch-v1.0"", ""context_source"": ""fresh"", ""context_token_count"": 2048, ""event_replay_from_position"": 0}","{""correlation_id"": ""corr-638d793b-cd72-4264-959e-1aff64fdd8ba"", ""schema_version"": 1}","2026-03-30 12:21:16.369395+03"
"c9efceb1-c6ce-41ba-a6cb-e43d16426ac3","loan-APEX-COMMERCIAL-009","7","158","DecisionGenerated",2,"{""generated_at"": ""2026-03-30 09:21:16.377578+00:00"", ""application_id"": ""APEX-COMMERCIAL-009"", ""model_versions"": {""credit"": ""credit-v2.1"", ""orchestrator"": ""orch-v1.0""}, ""recommendation"": ""APPROVE"", ""confidence_score"": 0.81, ""orchestrator_agent_id"": ""agent-orch-0009"", ""decision_basis_summary"": ""Synthetic bulk simulation for dashboard."", ""contributing_agent_sessions"": [""agent-agent-credit-0009-sess-credit-0009""]}","{""correlation_id"": ""corr-a8b60dad-f60a-42b4-ae19-503f0e785647"", ""schema_version"": 2}","2026-03-30 12:21:16.380032+03"
"bb6113cf-7d21-4f3f-8233-b875bdfe406b","loan-APEX-COMMERCIAL-009","8","159","HumanReviewCompleted",1,"{""override"": false, ""reviewed_at"": ""2026-03-30 09:21:16.387202+00:00"", ""reviewer_id"": ""officer-0009"", ""application_id"": ""APEX-COMMERCIAL-009"", ""final_decision"": ""APPROVE"", ""override_reason"": null}","{""correlation_id"": ""corr-f9d1feb5-2097-4fbd-9ec3-4f4a655d2a37"", ""schema_version"": 1}","2026-03-30 12:21:16.388709+03"
"2927c741-8c82-4b59-8720-2f8a8781c851","loan-APEX-COMMERCIAL-009","9","160","ApplicationApproved",1,"{""conditions"": [], ""approved_by"": ""officer-0009"", ""interest_rate"": 0.0, ""application_id"": ""APEX-COMMERCIAL-009"", ""effective_date"": ""2026-03-30 09:21:16.387227+00:00"", ""approved_amount_usd"": ""474279.84""}","{""correlation_id"": ""corr-f9d1feb5-2097-4fbd-9ec3-4f4a655d2a37"", ""schema_version"": 1}","2026-03-30 12:21:16.389036+03"
"0a12b98a-51ec-40d4-ab64-fca01820c144","agent-agent-credit-0010-sess-credit-0010","1","161","AgentContextLoaded",1,"{""agent_id"": ""agent-credit-0010"", ""loaded_at"": ""2026-03-30 09:21:16.392084+00:00"", ""session_id"": ""sess-credit-0010"", ""model_version"": ""credit-v2.1"", ""context_source"": ""fresh"", ""context_token_count"": 4096, ""event_replay_from_position"": 0}","{""correlation_id"": ""corr-99a862e4-7cb8-47dc-93a4-d24b2050c7ca"", ""schema_version"": 1}","2026-03-30 12:21:16.392986+03"
"9c99efac-30d2-4858-8b82-6511e634dd06","loan-APEX-COMMERCIAL-010","1","162","ApplicationSubmitted",1,"{""applicant_id"": ""borrower-0010"", ""loan_purpose"": ""Working capital"", ""submitted_at"": ""2026-03-30 09:21:16.396493+00:00"", ""application_id"": ""APEX-COMMERCIAL-010"", ""submission_channel"": ""broker"", ""requested_amount_usd"": ""880070.0""}","{""correlation_id"": ""corr-225a5180-3cd3-496a-bc6a-344dec9e0670"", ""schema_version"": 1}","2026-03-30 12:21:16.397285+03"
"2cf4a7a4-1da7-485e-84d4-c153a5a80bae","loan-APEX-COMMERCIAL-010","2","163","CreditAnalysisRequested",1,"{""priority"": ""HIGH"", ""requested_at"": ""2026-03-30 09:21:16.400490+00:00"", ""application_id"": ""APEX-COMMERCIAL-010"", ""assigned_agent_id"": ""agent-credit-0010""}","{""correlation_id"": ""corr-a4709611-363a-43d0-8379-831cb0afbc04"", ""schema_version"": 1}","2026-03-30 12:21:16.402+03"
"1eea106e-b785-47cb-8a06-9dd07b41bde4","agent-agent-credit-0010-sess-credit-0010","2","164","CreditAnalysisCompleted",2,"{""agent_id"": ""agent-credit-0010"", ""risk_tier"": ""HIGH"", ""session_id"": ""sess-credit-0010"", ""completed_at"": ""2026-03-30 09:21:16.406496+00:00"", ""model_version"": ""credit-v2.1"", ""application_id"": ""APEX-COMMERCIAL-010"", ""input_data_hash"": ""a1b47630e0ea8c27a64764cb229fbb405c6d005f95c654ac1dd250eb2d65c4a5"", ""confidence_score"": 0.74, ""regulatory_basis"": ""REG-2026-Q1"", ""analysis_duration_ms"": 1546, ""recommended_limit_usd"": ""709141.08""}","{""causation_id"": ""corr-c1963536-b20c-466b-938b-7528ff8586e3"", ""correlation_id"": ""corr-c1963536-b20c-466b-938b-7528ff8586e3"", ""schema_version"": 2}","2026-03-30 12:21:16.407038+03"
"f4be396e-a5ff-493a-bcfe-3e2d46dc504b","loan-APEX-COMMERCIAL-010","3","165","CreditAnalysisCompleted",2,"{""agent_id"": ""agent-credit-0010"", ""risk_tier"": ""HIGH"", ""session_id"": ""sess-credit-0010"", ""completed_at"": ""2026-03-30 09:21:16.406496+00:00"", ""model_version"": ""credit-v2.1"", ""application_id"": ""APEX-COMMERCIAL-010"", ""input_data_hash"": ""a1b47630e0ea8c27a64764cb229fbb405c6d005f95c654ac1dd250eb2d65c4a5"", ""confidence_score"": 0.74, ""regulatory_basis"": ""REG-2026-Q1"", ""analysis_duration_ms"": 1546, ""recommended_limit_usd"": ""709141.08""}","{""causation_id"": ""corr-c1963536-b20c-466b-938b-7528ff8586e3"", ""correlation_id"": ""corr-c1963536-b20c-466b-938b-7528ff8586e3"", ""schema_version"": 2}","2026-03-30 12:21:16.409689+03"
"0d493b32-e54c-4065-b48e-6257aa49f37c","agent-agent-credit-0010-sess-credit-0010","3","166","FraudScreeningCompleted",1,"{""agent_id"": ""agent-credit-0010"", ""fraud_score"": 0.662, ""screened_at"": ""2026-03-30 09:21:16.418710+00:00"", ""anomaly_flags"": [], ""application_id"": ""APEX-COMMERCIAL-010"", ""input_data_hash"": ""78ba12cc2b000529a177e2b827b56b42d86366a78f006cb1043fc119da8b10c3"", ""screening_model_version"": ""fraud-v3.1""}","{""correlation_id"": ""corr-49cd45a5-de60-4851-b084-b1f9f8806427"", ""schema_version"": 1}","2026-03-30 12:21:16.421694+03"
"55c16477-f13b-454a-877b-d540d882a86c","loan-APEX-COMMERCIAL-010","4","167","FraudScreeningCompleted",1,"{""agent_id"": ""agent-credit-0010"", ""fraud_score"": 0.662, ""screened_at"": ""2026-03-30 09:21:16.418710+00:00"", ""anomaly_flags"": [], ""application_id"": ""APEX-COMMERCIAL-010"", ""input_data_hash"": ""78ba12cc2b000529a177e2b827b56b42d86366a78f006cb1043fc119da8b10c3"", ""screening_model_version"": ""fraud-v3.1""}","{""correlation_id"": ""corr-49cd45a5-de60-4851-b084-b1f9f8806427"", ""schema_version"": 1}","2026-03-30 12:21:16.42686+03"
"3d03b961-c84b-44ce-882d-07cbbe888d65","compliance-APEX-COMMERCIAL-010","1","168","ComplianceCheckRequested",1,"{""requested_at"": ""2026-03-30 09:21:16.430054+00:00"", ""application_id"": ""APEX-COMMERCIAL-010"", ""checks_required"": [""AML-001"", ""KYC-001"", ""SANCTIONS-001""], ""regulation_set_version"": ""REG-2026-Q1""}","{""correlation_id"": ""corr-244dad2c-a322-4b58-8874-96fe1e6c1c74"", ""schema_version"": 1}","2026-03-30 12:21:16.431339+03"
"0ddc5eea-6eca-43f1-a509-3cbc2c4d9c97","loan-APEX-COMMERCIAL-010","5","169","ComplianceCheckRequested",1,"{""requested_at"": ""2026-03-30 09:21:16.430054+00:00"", ""application_id"": ""APEX-COMMERCIAL-010"", ""checks_required"": [""AML-001"", ""KYC-001"", ""SANCTIONS-001""], ""regulation_set_version"": ""REG-2026-Q1""}","{""correlation_id"": ""corr-244dad2c-a322-4b58-8874-96fe1e6c1c74"", ""schema_version"": 1}","2026-03-30 12:21:16.433423+03"
"ee91cf52-8442-48cc-af68-5a9d7690538c","compliance-APEX-COMMERCIAL-010","2","170","ComplianceRulePassed",1,"{""rule_id"": ""AML-001"", ""rule_version"": ""v2.1"", ""evidence_hash"": ""2a1d303eba97bce4aeab10fdf0e07aaa8ec6fb52aae7b41c87a0433d516dc4cf"", ""application_id"": ""APEX-COMMERCIAL-010"", ""evaluation_timestamp"": ""2026-03-30 09:21:16.437712+00:00""}","{""correlation_id"": ""corr-eb45aed8-e4d7-4bd4-8180-560e45a698ec"", ""schema_version"": 1}","2026-03-30 12:21:16.438385+03"
"20a458b6-9dd0-4f19-965a-65f2d135f0cd","compliance-APEX-COMMERCIAL-010","3","171","ComplianceRulePassed",1,"{""rule_id"": ""KYC-001"", ""rule_version"": ""v1.8"", ""evidence_hash"": ""b85f07ff8461cb9245f93a4a332341d5366a9d10d36b76cd1e7640473feb46f6"", ""application_id"": ""APEX-COMMERCIAL-010"", ""evaluation_timestamp"": ""2026-03-30 09:21:16.440904+00:00""}","{""correlation_id"": ""corr-144a59c5-ae49-4d64-be91-c875b8294bb0"", ""schema_version"": 1}","2026-03-30 12:21:16.4414+03"
"c784f1a4-573b-451f-a26a-cc60474ae9f1","compliance-APEX-COMMERCIAL-010","4","172","ComplianceRulePassed",1,"{""rule_id"": ""SANCTIONS-001"", ""rule_version"": ""v3.0"", ""evidence_hash"": ""767be5ac90bc297b4c13c13d518d4bab547192c0010d7afdcc7001ce7bb4dbb9"", ""application_id"": ""APEX-COMMERCIAL-010"", ""evaluation_timestamp"": ""2026-03-30 09:21:16.443148+00:00""}","{""correlation_id"": ""corr-d1b84dc8-b443-46ee-9468-bf37e1efd31d"", ""schema_version"": 1}","2026-03-30 12:21:16.443517+03"
"7368d669-399b-4524-9bcd-d723e9faa33f","compliance-APEX-COMMERCIAL-010","5","173","ComplianceClearanceIssued",1,"{""issued_at"": ""2026-03-30 09:21:16.444904+00:00"", ""checks_passed"": [""AML-001"", ""KYC-001"", ""SANCTIONS-001""], ""application_id"": ""APEX-COMMERCIAL-010"", ""issuing_agent_id"": ""agent-compliance-001"", ""regulation_set_version"": ""REG-2026-Q1""}","{""correlation_id"": ""corr-98fed3e5-a7ad-44a3-b149-21b705205ea1"", ""schema_version"": 1}","2026-03-30 12:21:16.445245+03"
"f716da31-d780-4743-9a44-c8bac1c37dca","loan-APEX-COMMERCIAL-010","6","174","ComplianceClearanceIssued",1,"{""issued_at"": ""2026-03-30 09:21:16.444904+00:00"", ""checks_passed"": [""AML-001"", ""KYC-001"", ""SANCTIONS-001""], ""application_id"": ""APEX-COMMERCIAL-010"", ""issuing_agent_id"": ""agent-compliance-001"", ""regulation_set_version"": ""REG-2026-Q1""}","{""correlation_id"": ""corr-98fed3e5-a7ad-44a3-b149-21b705205ea1"", ""schema_version"": 1}","2026-03-30 12:21:16.447809+03"
"2abb163a-1ac0-4eb0-bb26-33b0eb209533","agent-agent-orch-0010-sess-orch-0010","1","175","AgentContextLoaded",1,"{""agent_id"": ""agent-orch-0010"", ""loaded_at"": ""2026-03-30 09:21:16.448852+00:00"", ""session_id"": ""sess-orch-0010"", ""model_version"": ""orch-v1.0"", ""context_source"": ""fresh"", ""context_token_count"": 2048, ""event_replay_from_position"": 0}","{""correlation_id"": ""corr-02ef72e7-9e72-41d4-bdf4-bffb25fab494"", ""schema_version"": 1}","2026-03-30 12:21:16.449369+03"
"86577639-81e9-4b5d-b86c-d6ca4b8dee78","loan-APEX-COMMERCIAL-010","7","176","DecisionGenerated",2,"{""generated_at"": ""2026-03-30 09:21:16.457863+00:00"", ""application_id"": ""APEX-COMMERCIAL-010"", ""model_versions"": {""credit"": ""credit-v2.1"", ""orchestrator"": ""orch-v1.0""}, ""recommendation"": ""DECLINE"", ""confidence_score"": 0.74, ""orchestrator_agent_id"": ""agent-orch-0010"", ""decision_basis_summary"": ""Synthetic bulk simulation for dashboard."", ""contributing_agent_sessions"": [""agent-agent-credit-0010-sess-credit-0010""]}","{""correlation_id"": ""corr-ef738006-acab-4c70-ac01-5859772dd60a"", ""schema_version"": 2}","2026-03-30 12:21:16.458316+03"
"e11f0c04-49e0-4f6f-b861-578979a58f61","loan-APEX-COMMERCIAL-010","8","177","HumanReviewCompleted",1,"{""override"": true, ""reviewed_at"": ""2026-03-30 09:21:16.463385+00:00"", ""reviewer_id"": ""officer-0010"", ""application_id"": ""APEX-COMMERCIAL-010"", ""final_decision"": ""APPROVE"", ""override_reason"": ""Portfolio balancing""}","{""correlation_id"": ""corr-ecac58c5-6437-4495-880f-2cb268055dd0"", ""schema_version"": 1}","2026-03-30 12:21:16.463992+03"
"15d51f4b-65ce-4f74-b3aa-e95a6008aac4","loan-APEX-COMMERCIAL-010","9","178","ApplicationApproved",1,"{""conditions"": [], ""approved_by"": ""officer-0010"", ""interest_rate"": 0.0, ""application_id"": ""APEX-COMMERCIAL-010"", ""effective_date"": ""2026-03-30 09:21:16.463399+00:00"", ""approved_amount_usd"": ""709141.08""}","{""correlation_id"": ""corr-ecac58c5-6437-4495-880f-2cb268055dd0"", ""schema_version"": 1}","2026-03-30 12:21:16.464269+03"
"fe8df2c8-c2d2-4f7d-a470-8981f0d9900d","agent-agent-credit-0011-sess-credit-0011","1","179","AgentContextLoaded",1,"{""agent_id"": ""agent-credit-0011"", ""loaded_at"": ""2026-03-30 09:21:16.467346+00:00"", ""session_id"": ""sess-credit-0011"", ""model_version"": ""credit-v2.1"", ""context_source"": ""fresh"", ""context_token_count"": 4096, ""event_replay_from_position"": 0}","{""correlation_id"": ""corr-fe9ffae9-97ea-425b-9354-15b644b154cf"", ""schema_version"": 1}","2026-03-30 12:21:16.468479+03"
"13e9f1de-6503-4c49-85cb-373c123e4324","loan-APEX-COMMERCIAL-011","1","180","ApplicationSubmitted",1,"{""applicant_id"": ""borrower-0011"", ""loan_purpose"": ""Working capital"", ""submitted_at"": ""2026-03-30 09:21:16.472760+00:00"", ""application_id"": ""APEX-COMMERCIAL-011"", ""submission_channel"": ""broker"", ""requested_amount_usd"": ""1389462.0""}","{""correlation_id"": ""corr-9f5aa4ef-ef69-4257-99d2-9069c58e38d4"", ""schema_version"": 1}","2026-03-30 12:21:16.473241+03"
"bf151058-346e-4256-8df6-41d9b73bdcd4","loan-APEX-COMMERCIAL-011","2","181","CreditAnalysisRequested",1,"{""priority"": ""HIGH"", ""requested_at"": ""2026-03-30 09:21:16.477129+00:00"", ""application_id"": ""APEX-COMMERCIAL-011"", ""assigned_agent_id"": ""agent-credit-0011""}","{""correlation_id"": ""corr-08e5cfc7-0a50-4c07-b577-6e993d8f7076"", ""schema_version"": 1}","2026-03-30 12:21:16.477801+03"
"7e6e9a58-4e42-4d17-a62e-ae19de5077a4","agent-agent-credit-0011-sess-credit-0011","2","182","CreditAnalysisCompleted",2,"{""agent_id"": ""agent-credit-0011"", ""risk_tier"": ""HIGH"", ""session_id"": ""sess-credit-0011"", ""completed_at"": ""2026-03-30 09:21:16.479985+00:00"", ""model_version"": ""credit-v2.1"", ""application_id"": ""APEX-COMMERCIAL-011"", ""input_data_hash"": ""24cf1bca66c027edaf75b96ada727d5be3c231cc41c85d46994b378027c1c4a9"", ""confidence_score"": 0.86, ""regulatory_basis"": ""REG-2026-Q1"", ""analysis_duration_ms"": 2216, ""recommended_limit_usd"": ""1210518.39""}","{""causation_id"": ""corr-4105d1ea-6e94-4db5-8d2e-656c9c68e250"", ""correlation_id"": ""corr-4105d1ea-6e94-4db5-8d2e-656c9c68e250"", ""schema_version"": 2}","2026-03-30 12:21:16.480749+03"
"35a007fc-dcde-48ca-87fe-6c8c1bf8a9b3","loan-APEX-COMMERCIAL-011","3","183","CreditAnalysisCompleted",2,"{""agent_id"": ""agent-credit-0011"", ""risk_tier"": ""HIGH"", ""session_id"": ""sess-credit-0011"", ""completed_at"": ""2026-03-30 09:21:16.479985+00:00"", ""model_version"": ""credit-v2.1"", ""application_id"": ""APEX-COMMERCIAL-011"", ""input_data_hash"": ""24cf1bca66c027edaf75b96ada727d5be3c231cc41c85d46994b378027c1c4a9"", ""confidence_score"": 0.86, ""regulatory_basis"": ""REG-2026-Q1"", ""analysis_duration_ms"": 2216, ""recommended_limit_usd"": ""1210518.39""}","{""causation_id"": ""corr-4105d1ea-6e94-4db5-8d2e-656c9c68e250"", ""correlation_id"": ""corr-4105d1ea-6e94-4db5-8d2e-656c9c68e250"", ""schema_version"": 2}","2026-03-30 12:21:16.483103+03"
"aed24d0e-c5fe-46f9-9c31-f8feed0b2efe","agent-agent-credit-0011-sess-credit-0011","3","184","FraudScreeningCompleted",1,"{""agent_id"": ""agent-credit-0011"", ""fraud_score"": 0.274, ""screened_at"": ""2026-03-30 09:21:16.488985+00:00"", ""anomaly_flags"": [], ""application_id"": ""APEX-COMMERCIAL-011"", ""input_data_hash"": ""debdce67aaee50d8ac92ce6f574b1bce2bbaca40212073d84596f0ed457bfcf4"", ""screening_model_version"": ""fraud-v3.1""}","{""correlation_id"": ""corr-c7dd4573-5103-40ec-a433-2287642b3215"", ""schema_version"": 1}","2026-03-30 12:21:16.489728+03"
"1d966918-6ca6-49a8-8c78-a6254cd7cbf5","loan-APEX-COMMERCIAL-011","4","185","FraudScreeningCompleted",1,"{""agent_id"": ""agent-credit-0011"", ""fraud_score"": 0.274, ""screened_at"": ""2026-03-30 09:21:16.488985+00:00"", ""anomaly_flags"": [], ""application_id"": ""APEX-COMMERCIAL-011"", ""input_data_hash"": ""debdce67aaee50d8ac92ce6f574b1bce2bbaca40212073d84596f0ed457bfcf4"", ""screening_model_version"": ""fraud-v3.1""}","{""correlation_id"": ""corr-c7dd4573-5103-40ec-a433-2287642b3215"", ""schema_version"": 1}","2026-03-30 12:21:16.492885+03"
"16d439d8-d7ae-4e36-ac54-6c0eafff74c5","compliance-APEX-COMMERCIAL-011","1","186","ComplianceCheckRequested",1,"{""requested_at"": ""2026-03-30 09:21:16.497917+00:00"", ""application_id"": ""APEX-COMMERCIAL-011"", ""checks_required"": [""AML-001"", ""KYC-001"", ""SANCTIONS-001""], ""regulation_set_version"": ""REG-2026-Q1""}","{""correlation_id"": ""corr-d60cd082-cd30-405d-8856-ed82000fb0b9"", ""schema_version"": 1}","2026-03-30 12:21:16.498548+03"
"46fe5399-eca1-42fe-8b31-07ed9c73591e","loan-APEX-COMMERCIAL-011","5","187","ComplianceCheckRequested",1,"{""requested_at"": ""2026-03-30 09:21:16.497917+00:00"", ""application_id"": ""APEX-COMMERCIAL-011"", ""checks_required"": [""AML-001"", ""KYC-001"", ""SANCTIONS-001""], ""regulation_set_version"": ""REG-2026-Q1""}","{""correlation_id"": ""corr-d60cd082-cd30-405d-8856-ed82000fb0b9"", ""schema_version"": 1}","2026-03-30 12:21:16.500786+03"
"0819e014-d6b5-4c9b-9ae0-86fa562dbb4b","compliance-APEX-COMMERCIAL-011","2","188","ComplianceRulePassed",1,"{""rule_id"": ""AML-001"", ""rule_version"": ""v2.1"", ""evidence_hash"": ""2a1d303eba97bce4aeab10fdf0e07aaa8ec6fb52aae7b41c87a0433d516dc4cf"", ""application_id"": ""APEX-COMMERCIAL-011"", ""evaluation_timestamp"": ""2026-03-30 09:21:16.504520+00:00""}","{""correlation_id"": ""corr-f214efe6-4b8e-4c6d-a4a5-c2dc92f7daae"", ""schema_version"": 1}","2026-03-30 12:21:16.505766+03"
"5e032f08-47f5-4fc8-911b-7d78537b81ad","compliance-APEX-COMMERCIAL-011","3","189","ComplianceRulePassed",1,"{""rule_id"": ""KYC-001"", ""rule_version"": ""v1.8"", ""evidence_hash"": ""b85f07ff8461cb9245f93a4a332341d5366a9d10d36b76cd1e7640473feb46f6"", ""application_id"": ""APEX-COMMERCIAL-011"", ""evaluation_timestamp"": ""2026-03-30 09:21:16.508273+00:00""}","{""correlation_id"": ""corr-5efc6b5c-e14b-4d25-9845-c0b313d07d5d"", ""schema_version"": 1}","2026-03-30 12:21:16.508944+03"
"a80cadc1-81b6-4390-9b24-d17bd96f3422","compliance-APEX-COMMERCIAL-011","4","190","ComplianceRulePassed",1,"{""rule_id"": ""SANCTIONS-001"", ""rule_version"": ""v3.0"", ""evidence_hash"": ""767be5ac90bc297b4c13c13d518d4bab547192c0010d7afdcc7001ce7bb4dbb9"", ""application_id"": ""APEX-COMMERCIAL-011"", ""evaluation_timestamp"": ""2026-03-30 09:21:16.513122+00:00""}","{""correlation_id"": ""corr-ff49b247-fc93-4f23-8d06-f4b4a14c6743"", ""schema_version"": 1}","2026-03-30 12:21:16.513672+03"
"14f239f5-d42f-46a5-8d0e-bfdf3858e5b9","compliance-APEX-COMMERCIAL-011","5","191","ComplianceClearanceIssued",1,"{""issued_at"": ""2026-03-30 09:21:16.516900+00:00"", ""checks_passed"": [""AML-001"", ""KYC-001"", ""SANCTIONS-001""], ""application_id"": ""APEX-COMMERCIAL-011"", ""issuing_agent_id"": ""agent-compliance-001"", ""regulation_set_version"": ""REG-2026-Q1""}","{""correlation_id"": ""corr-daf41577-5b32-4412-8d23-4118152b4d4e"", ""schema_version"": 1}","2026-03-30 12:21:16.518541+03"
"2224c5b5-d216-40ec-b971-1d8fa91bed81","loan-APEX-COMMERCIAL-011","6","192","ComplianceClearanceIssued",1,"{""issued_at"": ""2026-03-30 09:21:16.516900+00:00"", ""checks_passed"": [""AML-001"", ""KYC-001"", ""SANCTIONS-001""], ""application_id"": ""APEX-COMMERCIAL-011"", ""issuing_agent_id"": ""agent-compliance-001"", ""regulation_set_version"": ""REG-2026-Q1""}","{""correlation_id"": ""corr-daf41577-5b32-4412-8d23-4118152b4d4e"", ""schema_version"": 1}","2026-03-30 12:21:16.525433+03"
"eebe5e09-94f1-424f-8493-5eee4497460d","agent-agent-orch-0011-sess-orch-0011","1","193","AgentContextLoaded",1,"{""agent_id"": ""agent-orch-0011"", ""loaded_at"": ""2026-03-30 09:21:16.527416+00:00"", ""session_id"": ""sess-orch-0011"", ""model_version"": ""orch-v1.0"", ""context_source"": ""fresh"", ""context_token_count"": 2048, ""event_replay_from_position"": 0}","{""correlation_id"": ""corr-8486da71-a1c6-446f-ab5f-a5ec09513e06"", ""schema_version"": 1}","2026-03-30 12:21:16.528322+03"
"29aa8702-a543-4920-a36b-3f153ac0186d","loan-APEX-COMMERCIAL-011","7","194","DecisionGenerated",2,"{""generated_at"": ""2026-03-30 09:21:16.535090+00:00"", ""application_id"": ""APEX-COMMERCIAL-011"", ""model_versions"": {""credit"": ""credit-v2.1"", ""orchestrator"": ""orch-v1.0""}, ""recommendation"": ""DECLINE"", ""confidence_score"": 0.86, ""orchestrator_agent_id"": ""agent-orch-0011"", ""decision_basis_summary"": ""Synthetic bulk simulation for dashboard."", ""contributing_agent_sessions"": [""agent-agent-credit-0011-sess-credit-0011""]}","{""correlation_id"": ""corr-95ddc693-d25f-4bf9-89cb-5c1ad625a896"", ""schema_version"": 2}","2026-03-30 12:21:16.536092+03"
"ee9dc266-694c-4f28-b8df-0028acec512c","loan-APEX-COMMERCIAL-011","8","195","HumanReviewCompleted",1,"{""override"": false, ""reviewed_at"": ""2026-03-30 09:21:16.541166+00:00"", ""reviewer_id"": ""officer-0011"", ""application_id"": ""APEX-COMMERCIAL-011"", ""final_decision"": ""DECLINE"", ""override_reason"": null}","{""correlation_id"": ""corr-c0659e6c-a96a-476a-8e54-5f20495ed431"", ""schema_version"": 1}","2026-03-30 12:21:16.542024+03"
"b25dc0ca-27b1-4057-9d33-5350bfe307a6","loan-APEX-COMMERCIAL-011","9","196","ApplicationDeclined",1,"{""declined_at"": ""2026-03-30 09:21:16.541181+00:00"", ""declined_by"": ""officer-0011"", ""application_id"": ""APEX-COMMERCIAL-011"", ""decline_reasons"": [""Human review decision: decline""], ""adverse_action_notice_required"": true}","{""correlation_id"": ""corr-c0659e6c-a96a-476a-8e54-5f20495ed431"", ""schema_version"": 1}","2026-03-30 12:21:16.542701+03"
"ed562b7a-e500-41f0-8819-bbbf4e299ba8","agent-agent-credit-0012-sess-credit-0012","1","197","AgentContextLoaded",1,"{""agent_id"": ""agent-credit-0012"", ""loaded_at"": ""2026-03-30 09:21:16.547252+00:00"", ""session_id"": ""sess-credit-0012"", ""model_version"": ""credit-v2.1"", ""context_source"": ""fresh"", ""context_token_count"": 4096, ""event_replay_from_position"": 0}","{""correlation_id"": ""corr-7762b425-d9c8-4829-bbf0-fbbf1a420dea"", ""schema_version"": 1}","2026-03-30 12:21:16.547865+03"
"50b39086-396e-46c6-a64e-1d5de02fe302","loan-APEX-COMMERCIAL-012","1","198","ApplicationSubmitted",1,"{""applicant_id"": ""borrower-0012"", ""loan_purpose"": ""Working capital"", ""submitted_at"": ""2026-03-30 09:21:16.551783+00:00"", ""application_id"": ""APEX-COMMERCIAL-012"", ""submission_channel"": ""broker"", ""requested_amount_usd"": ""717215.0""}","{""correlation_id"": ""corr-0ecaf4e4-a9c1-4efb-b639-5a925d7f1379"", ""schema_version"": 1}","2026-03-30 12:21:16.552546+03"
"2f75bfc3-6fe9-4be0-b229-9149272d7e2a","agent-agent-credit-0012-sess-credit-0012","2","200","CreditAnalysisCompleted",2,"{""agent_id"": ""agent-credit-0012"", ""risk_tier"": ""MEDIUM"", ""session_id"": ""sess-credit-0012"", ""completed_at"": ""2026-03-30 09:21:16.565706+00:00"", ""model_version"": ""credit-v2.1"", ""application_id"": ""APEX-COMMERCIAL-012"", ""input_data_hash"": ""813943a1b12fdd73b7959d9af9ea8762b8ea0cc338e84e95badcd3f24aa62d9a"", ""confidence_score"": 0.89, ""regulatory_basis"": ""REG-2026-Q1"", ""analysis_duration_ms"": 2095, ""recommended_limit_usd"": ""629082.25""}","{""causation_id"": ""corr-220c3284-9878-4dbc-81ee-05a8e4cf9c59"", ""correlation_id"": ""corr-220c3284-9878-4dbc-81ee-05a8e4cf9c59"", ""schema_version"": 2}","2026-03-30 12:21:16.566273+03"
"29adbf13-6fe3-4b97-9659-512d4a18a37b","loan-APEX-COMMERCIAL-012","3","201","CreditAnalysisCompleted",2,"{""agent_id"": ""agent-credit-0012"", ""risk_tier"": ""MEDIUM"", ""session_id"": ""sess-credit-0012"", ""completed_at"": ""2026-03-30 09:21:16.565706+00:00"", ""model_version"": ""credit-v2.1"", ""application_id"": ""APEX-COMMERCIAL-012"", ""input_data_hash"": ""813943a1b12fdd73b7959d9af9ea8762b8ea0cc338e84e95badcd3f24aa62d9a"", ""confidence_score"": 0.89, ""regulatory_basis"": ""REG-2026-Q1"", ""analysis_duration_ms"": 2095, ""recommended_limit_usd"": ""629082.25""}","{""causation_id"": ""corr-220c3284-9878-4dbc-81ee-05a8e4cf9c59"", ""correlation_id"": ""corr-220c3284-9878-4dbc-81ee-05a8e4cf9c59"", ""schema_version"": 2}","2026-03-30 12:21:16.569268+03"
"ea3a7dda-ad09-4e0c-aa37-f9292dfd6aab","agent-agent-credit-0012-sess-credit-0012","3","202","FraudScreeningCompleted",1,"{""agent_id"": ""agent-credit-0012"", ""fraud_score"": 0.463, ""screened_at"": ""2026-03-30 09:21:16.574916+00:00"", ""anomaly_flags"": [], ""application_id"": ""APEX-COMMERCIAL-012"", ""input_data_hash"": ""57293ca774c09c82afe43ce7a88bb09201fbf4dfe289616f8b372a945f422a41"", ""screening_model_version"": ""fraud-v3.1""}","{""correlation_id"": ""corr-38910ad9-e730-4352-b6de-36366feba95d"", ""schema_version"": 1}","2026-03-30 12:21:16.575823+03"
"c73f323a-c2c4-4ba6-85b1-81f7c5270e50","loan-APEX-COMMERCIAL-012","4","203","FraudScreeningCompleted",1,"{""agent_id"": ""agent-credit-0012"", ""fraud_score"": 0.463, ""screened_at"": ""2026-03-30 09:21:16.574916+00:00"", ""anomaly_flags"": [], ""application_id"": ""APEX-COMMERCIAL-012"", ""input_data_hash"": ""57293ca774c09c82afe43ce7a88bb09201fbf4dfe289616f8b372a945f422a41"", ""screening_model_version"": ""fraud-v3.1""}","{""correlation_id"": ""corr-38910ad9-e730-4352-b6de-36366feba95d"", ""schema_version"": 1}","2026-03-30 12:21:16.581406+03"
"7baf09f3-54d5-44bf-b16f-4267134cf92b","compliance-APEX-COMMERCIAL-012","1","204","ComplianceCheckRequested",1,"{""requested_at"": ""2026-03-30 09:21:16.586597+00:00"", ""application_id"": ""APEX-COMMERCIAL-012"", ""checks_required"": [""AML-001"", ""KYC-001"", ""SANCTIONS-001""], ""regulation_set_version"": ""REG-2026-Q1""}","{""correlation_id"": ""corr-8ae577fc-2586-415b-ae01-071b60c4decc"", ""schema_version"": 1}","2026-03-30 12:21:16.587997+03"
"e0f4d269-33d9-453e-b439-d2bae45ff61d","loan-APEX-COMMERCIAL-012","5","205","ComplianceCheckRequested",1,"{""requested_at"": ""2026-03-30 09:21:16.586597+00:00"", ""application_id"": ""APEX-COMMERCIAL-012"", ""checks_required"": [""AML-001"", ""KYC-001"", ""SANCTIONS-001""], ""regulation_set_version"": ""REG-2026-Q1""}","{""correlation_id"": ""corr-8ae577fc-2586-415b-ae01-071b60c4decc"", ""schema_version"": 1}","2026-03-30 12:21:16.591044+03"
"ca324166-fe4c-44cb-bc87-22937f988a0b","compliance-APEX-COMMERCIAL-012","2","206","ComplianceRulePassed",1,"{""rule_id"": ""AML-001"", ""rule_version"": ""v2.1"", ""evidence_hash"": ""2a1d303eba97bce4aeab10fdf0e07aaa8ec6fb52aae7b41c87a0433d516dc4cf"", ""application_id"": ""APEX-COMMERCIAL-012"", ""evaluation_timestamp"": ""2026-03-30 09:21:16.595847+00:00""}","{""correlation_id"": ""corr-43d7e0bc-88ac-497d-b76e-bca07a1be6ea"", ""schema_version"": 1}","2026-03-30 12:21:16.596373+03"
"abad0741-a004-4eab-ad99-9497cd344c95","compliance-APEX-COMMERCIAL-012","3","207","ComplianceRulePassed",1,"{""rule_id"": ""KYC-001"", ""rule_version"": ""v1.8"", ""evidence_hash"": ""b85f07ff8461cb9245f93a4a332341d5366a9d10d36b76cd1e7640473feb46f6"", ""application_id"": ""APEX-COMMERCIAL-012"", ""evaluation_timestamp"": ""2026-03-30 09:21:16.598667+00:00""}","{""correlation_id"": ""corr-aefef367-92e0-4e6c-9050-83e8c5f37bc0"", ""schema_version"": 1}","2026-03-30 12:21:16.599122+03"
"ac9244d3-a4c5-4e61-837c-bd382759df81","compliance-APEX-COMMERCIAL-012","4","208","ComplianceRulePassed",1,"{""rule_id"": ""SANCTIONS-001"", ""rule_version"": ""v3.0"", ""evidence_hash"": ""767be5ac90bc297b4c13c13d518d4bab547192c0010d7afdcc7001ce7bb4dbb9"", ""application_id"": ""APEX-COMMERCIAL-012"", ""evaluation_timestamp"": ""2026-03-30 09:21:16.602066+00:00""}","{""correlation_id"": ""corr-e2ec085a-cc6f-429b-bdbb-b8c4e02b7664"", ""schema_version"": 1}","2026-03-30 12:21:16.602806+03"
"533b3acf-d32c-4060-a9e0-30fae97b3277","compliance-APEX-COMMERCIAL-012","5","209","ComplianceClearanceIssued",1,"{""issued_at"": ""2026-03-30 09:21:16.606322+00:00"", ""checks_passed"": [""AML-001"", ""KYC-001"", ""SANCTIONS-001""], ""application_id"": ""APEX-COMMERCIAL-012"", ""issuing_agent_id"": ""agent-compliance-001"", ""regulation_set_version"": ""REG-2026-Q1""}","{""correlation_id"": ""corr-800dc0e5-6e85-4af2-b4ba-69cbe7bf94f4"", ""schema_version"": 1}","2026-03-30 12:21:16.606791+03"
"bf2934d2-b50b-4013-b56a-60b9b832a989","loan-APEX-COMMERCIAL-012","6","210","ComplianceClearanceIssued",1,"{""issued_at"": ""2026-03-30 09:21:16.606322+00:00"", ""checks_passed"": [""AML-001"", ""KYC-001"", ""SANCTIONS-001""], ""application_id"": ""APEX-COMMERCIAL-012"", ""issuing_agent_id"": ""agent-compliance-001"", ""regulation_set_version"": ""REG-2026-Q1""}","{""correlation_id"": ""corr-800dc0e5-6e85-4af2-b4ba-69cbe7bf94f4"", ""schema_version"": 1}","2026-03-30 12:21:16.612032+03"
"d01de993-e2ec-4efa-9e2b-d1cedf9ee2b0","agent-agent-orch-0012-sess-orch-0012","1","211","AgentContextLoaded",1,"{""agent_id"": ""agent-orch-0012"", ""loaded_at"": ""2026-03-30 09:21:16.613784+00:00"", ""session_id"": ""sess-orch-0012"", ""model_version"": ""orch-v1.0"", ""context_source"": ""fresh"", ""context_token_count"": 2048, ""event_replay_from_position"": 0}","{""correlation_id"": ""corr-690a0222-7caa-482e-976e-03015fb1d648"", ""schema_version"": 1}","2026-03-30 12:21:16.6143+03"
"a0c893bc-9772-4a15-9237-7423cb23b6a8","loan-APEX-COMMERCIAL-012","7","212","DecisionGenerated",2,"{""generated_at"": ""2026-03-30 09:21:16.621965+00:00"", ""application_id"": ""APEX-COMMERCIAL-012"", ""model_versions"": {""credit"": ""credit-v2.1"", ""orchestrator"": ""orch-v1.0""}, ""recommendation"": ""APPROVE"", ""confidence_score"": 0.89, ""orchestrator_agent_id"": ""agent-orch-0012"", ""decision_basis_summary"": ""Synthetic bulk simulation for dashboard."", ""contributing_agent_sessions"": [""agent-agent-credit-0012-sess-credit-0012""]}","{""correlation_id"": ""corr-ab5c96ff-a86b-4602-8657-e49b248a652a"", ""schema_version"": 2}","2026-03-30 12:21:16.623437+03"
"dd25f663-7fe5-4da7-8325-5a7f11edcffa","loan-APEX-COMMERCIAL-012","8","213","HumanReviewCompleted",1,"{""override"": false, ""reviewed_at"": ""2026-03-30 09:21:16.628164+00:00"", ""reviewer_id"": ""officer-0012"", ""application_id"": ""APEX-COMMERCIAL-012"", ""final_decision"": ""APPROVE"", ""override_reason"": null}","{""correlation_id"": ""corr-23f19270-74ed-471c-9f34-688ef550ec8e"", ""schema_version"": 1}","2026-03-30 12:21:16.629836+03"
"900704d4-a150-472a-8c49-03ee3f63d6c1","loan-APEX-COMMERCIAL-012","9","214","ApplicationApproved",1,"{""conditions"": [], ""approved_by"": ""officer-0012"", ""interest_rate"": 0.0, ""application_id"": ""APEX-COMMERCIAL-012"", ""effective_date"": ""2026-03-30 09:21:16.628188+00:00"", ""approved_amount_usd"": ""629082.25""}","{""correlation_id"": ""corr-23f19270-74ed-471c-9f34-688ef550ec8e"", ""schema_version"": 1}","2026-03-30 12:21:16.63123+03"
"cfe232d3-3e6a-48d4-b2b7-390e697cc43c","agent-agent-credit-0013-sess-credit-0013","1","215","AgentContextLoaded",1,"{""agent_id"": ""agent-credit-0013"", ""loaded_at"": ""2026-03-30 09:21:16.634255+00:00"", ""session_id"": ""sess-credit-0013"", ""model_version"": ""credit-v2.1"", ""context_source"": ""fresh"", ""context_token_count"": 4096, ""event_replay_from_position"": 0}","{""correlation_id"": ""corr-4a11eb00-8163-4c58-9d5e-27f12bd04a92"", ""schema_version"": 1}","2026-03-30 12:21:16.635404+03"
"920b9541-d915-4b9f-8d0f-055654265b6c","loan-APEX-COMMERCIAL-013","1","216","ApplicationSubmitted",1,"{""applicant_id"": ""borrower-0013"", ""loan_purpose"": ""Working capital"", ""submitted_at"": ""2026-03-30 09:21:16.639143+00:00"", ""application_id"": ""APEX-COMMERCIAL-013"", ""submission_channel"": ""broker"", ""requested_amount_usd"": ""490102.0""}","{""correlation_id"": ""corr-7806c125-3802-4c88-a107-ed04f7e537c5"", ""schema_version"": 1}","2026-03-30 12:21:16.639756+03"
"8ca47a18-bcd4-46ff-a77e-37b3c578006e","loan-APEX-COMMERCIAL-013","2","217","CreditAnalysisRequested",1,"{""priority"": ""HIGH"", ""requested_at"": ""2026-03-30 09:21:16.645313+00:00"", ""application_id"": ""APEX-COMMERCIAL-013"", ""assigned_agent_id"": ""agent-credit-0013""}","{""correlation_id"": ""corr-7e9ebeaf-30c7-4e0b-9361-8f73410dd838"", ""schema_version"": 1}","2026-03-30 12:21:16.645886+03"
"4d716d21-29aa-4596-a014-112298e0167a","agent-agent-credit-0013-sess-credit-0013","2","218","CreditAnalysisCompleted",2,"{""agent_id"": ""agent-credit-0013"", ""risk_tier"": ""MEDIUM"", ""session_id"": ""sess-credit-0013"", ""completed_at"": ""2026-03-30 09:21:16.648751+00:00"", ""model_version"": ""credit-v2.1"", ""application_id"": ""APEX-COMMERCIAL-013"", ""input_data_hash"": ""65598d8f462f631031e4ff40b14afb9a0796af28f214df5535bc66b15fc84d8c"", ""confidence_score"": 0.69, ""regulatory_basis"": ""REG-2026-Q1"", ""analysis_duration_ms"": 2185, ""recommended_limit_usd"": ""401754.67""}","{""causation_id"": ""corr-72af216f-c488-4a7a-ad79-2416924fda90"", ""correlation_id"": ""corr-72af216f-c488-4a7a-ad79-2416924fda90"", ""schema_version"": 2}","2026-03-30 12:21:16.64927+03"
"582ca8b3-3f88-45bb-be34-4dd25a0c3363","loan-APEX-COMMERCIAL-013","3","219","CreditAnalysisCompleted",2,"{""agent_id"": ""agent-credit-0013"", ""risk_tier"": ""MEDIUM"", ""session_id"": ""sess-credit-0013"", ""completed_at"": ""2026-03-30 09:21:16.648751+00:00"", ""model_version"": ""credit-v2.1"", ""application_id"": ""APEX-COMMERCIAL-013"", ""input_data_hash"": ""65598d8f462f631031e4ff40b14afb9a0796af28f214df5535bc66b15fc84d8c"", ""confidence_score"": 0.69, ""regulatory_basis"": ""REG-2026-Q1"", ""analysis_duration_ms"": 2185, ""recommended_limit_usd"": ""401754.67""}","{""causation_id"": ""corr-72af216f-c488-4a7a-ad79-2416924fda90"", ""correlation_id"": ""corr-72af216f-c488-4a7a-ad79-2416924fda90"", ""schema_version"": 2}","2026-03-30 12:21:16.652121+03"
"2cef8752-fbaa-40e1-8218-5063e93b4053","agent-agent-credit-0013-sess-credit-0013","3","220","FraudScreeningCompleted",1,"{""agent_id"": ""agent-credit-0013"", ""fraud_score"": 0.086, ""screened_at"": ""2026-03-30 09:21:16.656889+00:00"", ""anomaly_flags"": [], ""application_id"": ""APEX-COMMERCIAL-013"", ""input_data_hash"": ""0c1f38457f073377d8085e9cf610887e43ee3472a235637554058c2b25a092a9"", ""screening_model_version"": ""fraud-v3.1""}","{""correlation_id"": ""corr-c49e3b1b-993d-4f7c-9929-6a14807a77df"", ""schema_version"": 1}","2026-03-30 12:21:16.658125+03"
"39d3c072-7530-4363-bfde-5cf3bf1f5d5a","loan-APEX-COMMERCIAL-013","4","221","FraudScreeningCompleted",1,"{""agent_id"": ""agent-credit-0013"", ""fraud_score"": 0.086, ""screened_at"": ""2026-03-30 09:21:16.656889+00:00"", ""anomaly_flags"": [], ""application_id"": ""APEX-COMMERCIAL-013"", ""input_data_hash"": ""0c1f38457f073377d8085e9cf610887e43ee3472a235637554058c2b25a092a9"", ""screening_model_version"": ""fraud-v3.1""}","{""correlation_id"": ""corr-c49e3b1b-993d-4f7c-9929-6a14807a77df"", ""schema_version"": 1}","2026-03-30 12:21:16.661824+03"
"8c93633c-cb2b-469e-ac65-52fc336bc38a","compliance-APEX-COMMERCIAL-013","1","222","ComplianceCheckRequested",1,"{""requested_at"": ""2026-03-30 09:21:16.664624+00:00"", ""application_id"": ""APEX-COMMERCIAL-013"", ""checks_required"": [""AML-001"", ""KYC-001"", ""SANCTIONS-001""], ""regulation_set_version"": ""REG-2026-Q1""}","{""correlation_id"": ""corr-afa0f7c9-9c27-4852-a934-18759d2bb3f0"", ""schema_version"": 1}","2026-03-30 12:21:16.665208+03"
"bc3f6212-196b-4c94-bebc-939bb126b0fa","loan-APEX-COMMERCIAL-013","5","223","ComplianceCheckRequested",1,"{""requested_at"": ""2026-03-30 09:21:16.664624+00:00"", ""application_id"": ""APEX-COMMERCIAL-013"", ""checks_required"": [""AML-001"", ""KYC-001"", ""SANCTIONS-001""], ""regulation_set_version"": ""REG-2026-Q1""}","{""correlation_id"": ""corr-afa0f7c9-9c27-4852-a934-18759d2bb3f0"", ""schema_version"": 1}","2026-03-30 12:21:16.666886+03"
"1f3cc85d-7963-4f92-a9f5-89b023db75e9","compliance-APEX-COMMERCIAL-013","2","224","ComplianceRulePassed",1,"{""rule_id"": ""AML-001"", ""rule_version"": ""v2.1"", ""evidence_hash"": ""2a1d303eba97bce4aeab10fdf0e07aaa8ec6fb52aae7b41c87a0433d516dc4cf"", ""application_id"": ""APEX-COMMERCIAL-013"", ""evaluation_timestamp"": ""2026-03-30 09:21:16.670655+00:00""}","{""correlation_id"": ""corr-37a0569a-899a-4957-88b3-cf24d6d1e727"", ""schema_version"": 1}","2026-03-30 12:21:16.671909+03"
"5225b40b-5854-44fe-836f-93547723efc9","compliance-APEX-COMMERCIAL-013","3","225","ComplianceRulePassed",1,"{""rule_id"": ""KYC-001"", ""rule_version"": ""v1.8"", ""evidence_hash"": ""b85f07ff8461cb9245f93a4a332341d5366a9d10d36b76cd1e7640473feb46f6"", ""application_id"": ""APEX-COMMERCIAL-013"", ""evaluation_timestamp"": ""2026-03-30 09:21:16.674053+00:00""}","{""correlation_id"": ""corr-4a6617e4-99ca-4303-9011-325249b6f6fa"", ""schema_version"": 1}","2026-03-30 12:21:16.674504+03"
"f85554e6-5fd2-417a-818f-bb4b21209897","compliance-APEX-COMMERCIAL-013","4","226","ComplianceRulePassed",1,"{""rule_id"": ""SANCTIONS-001"", ""rule_version"": ""v3.0"", ""evidence_hash"": ""767be5ac90bc297b4c13c13d518d4bab547192c0010d7afdcc7001ce7bb4dbb9"", ""application_id"": ""APEX-COMMERCIAL-013"", ""evaluation_timestamp"": ""2026-03-30 09:21:16.677943+00:00""}","{""correlation_id"": ""corr-acc8c98c-c5e1-4a72-930d-2ad9fcde3734"", ""schema_version"": 1}","2026-03-30 12:21:16.678385+03"
"76ece7b5-65c7-4d75-be31-e85220a50803","compliance-APEX-COMMERCIAL-013","5","227","ComplianceClearanceIssued",1,"{""issued_at"": ""2026-03-30 09:21:16.680001+00:00"", ""checks_passed"": [""AML-001"", ""KYC-001"", ""SANCTIONS-001""], ""application_id"": ""APEX-COMMERCIAL-013"", ""issuing_agent_id"": ""agent-compliance-001"", ""regulation_set_version"": ""REG-2026-Q1""}","{""correlation_id"": ""corr-66a53d1f-7559-44b0-b382-19243589b73c"", ""schema_version"": 1}","2026-03-30 12:21:16.680365+03"
"f2656afa-5edc-46ee-9e6d-6c2fe1989675","loan-APEX-COMMERCIAL-013","6","228","ComplianceClearanceIssued",1,"{""issued_at"": ""2026-03-30 09:21:16.680001+00:00"", ""checks_passed"": [""AML-001"", ""KYC-001"", ""SANCTIONS-001""], ""application_id"": ""APEX-COMMERCIAL-013"", ""issuing_agent_id"": ""agent-compliance-001"", ""regulation_set_version"": ""REG-2026-Q1""}","{""correlation_id"": ""corr-66a53d1f-7559-44b0-b382-19243589b73c"", ""schema_version"": 1}","2026-03-30 12:21:16.682511+03"
"9fd11276-c4d5-463a-ac49-8963ce9ebdc6","agent-agent-orch-0013-sess-orch-0013","1","229","AgentContextLoaded",1,"{""agent_id"": ""agent-orch-0013"", ""loaded_at"": ""2026-03-30 09:21:16.683691+00:00"", ""session_id"": ""sess-orch-0013"", ""model_version"": ""orch-v1.0"", ""context_source"": ""fresh"", ""context_token_count"": 2048, ""event_replay_from_position"": 0}","{""correlation_id"": ""corr-b3982976-f1d1-4e1b-a559-f258ac00adad"", ""schema_version"": 1}","2026-03-30 12:21:16.684839+03"
"c3fcc9d5-bc34-48f6-a0e5-753c9fae2155","loan-APEX-COMMERCIAL-013","7","230","DecisionGenerated",2,"{""generated_at"": ""2026-03-30 09:21:16.692259+00:00"", ""application_id"": ""APEX-COMMERCIAL-013"", ""model_versions"": {""credit"": ""credit-v2.1"", ""orchestrator"": ""orch-v1.0""}, ""recommendation"": ""APPROVE"", ""confidence_score"": 0.69, ""orchestrator_agent_id"": ""agent-orch-0013"", ""decision_basis_summary"": ""Synthetic bulk simulation for dashboard."", ""contributing_agent_sessions"": [""agent-agent-credit-0013-sess-credit-0013""]}","{""correlation_id"": ""corr-9e5e45f3-6e5c-4686-b61c-6bb85e8e8a73"", ""schema_version"": 2}","2026-03-30 12:21:16.69281+03"
"2575d590-31df-4fb4-af2c-117065216e96","agent-agent-credit-0014-sess-credit-0014","1","231","AgentContextLoaded",1,"{""agent_id"": ""agent-credit-0014"", ""loaded_at"": ""2026-03-30 09:21:16.694479+00:00"", ""session_id"": ""sess-credit-0014"", ""model_version"": ""credit-v2.1"", ""context_source"": ""fresh"", ""context_token_count"": 4096, ""event_replay_from_position"": 0}","{""correlation_id"": ""corr-0b7d638e-adca-492c-a990-290e0bb3c387"", ""schema_version"": 1}","2026-03-30 12:21:16.695124+03"
"5a8568b5-3e30-4b40-9225-a5fa32c59296","loan-APEX-COMMERCIAL-014","1","232","ApplicationSubmitted",1,"{""applicant_id"": ""borrower-0014"", ""loan_purpose"": ""Working capital"", ""submitted_at"": ""2026-03-30 09:21:16.697085+00:00"", ""application_id"": ""APEX-COMMERCIAL-014"", ""submission_channel"": ""broker"", ""requested_amount_usd"": ""1627072.0""}","{""correlation_id"": ""corr-e3dd72f1-8d39-4b1d-9668-01d4078c626b"", ""schema_version"": 1}","2026-03-30 12:21:16.697513+03"
"139a45ca-0d29-496b-90ce-adf8764298c3","loan-APEX-COMMERCIAL-014","2","233","CreditAnalysisRequested",1,"{""priority"": ""HIGH"", ""requested_at"": ""2026-03-30 09:21:16.699252+00:00"", ""application_id"": ""APEX-COMMERCIAL-014"", ""assigned_agent_id"": ""agent-credit-0014""}","{""correlation_id"": ""corr-9e18fa96-3355-4934-b1fd-4c1b642037a7"", ""schema_version"": 1}","2026-03-30 12:21:16.699707+03"
"2ec74103-953b-4293-a1af-838e5037d104","agent-agent-credit-0014-sess-credit-0014","2","234","CreditAnalysisCompleted",2,"{""agent_id"": ""agent-credit-0014"", ""risk_tier"": ""MEDIUM"", ""session_id"": ""sess-credit-0014"", ""completed_at"": ""2026-03-30 09:21:16.705271+00:00"", ""model_version"": ""credit-v2.1"", ""application_id"": ""APEX-COMMERCIAL-014"", ""input_data_hash"": ""9ff16b1aff3d367ede0241ce908c9846f83fd97fef7a156a3b49ba4149cef379"", ""confidence_score"": 0.79, ""regulatory_basis"": ""REG-2026-Q1"", ""analysis_duration_ms"": 1983, ""recommended_limit_usd"": ""1593394.62""}","{""causation_id"": ""corr-2b960e4c-ebb0-4270-8265-5317cbf71c3a"", ""correlation_id"": ""corr-2b960e4c-ebb0-4270-8265-5317cbf71c3a"", ""schema_version"": 2}","2026-03-30 12:21:16.705905+03"
"01654b9a-a80d-4910-9451-61dd9f340286","loan-APEX-COMMERCIAL-014","3","235","CreditAnalysisCompleted",2,"{""agent_id"": ""agent-credit-0014"", ""risk_tier"": ""MEDIUM"", ""session_id"": ""sess-credit-0014"", ""completed_at"": ""2026-03-30 09:21:16.705271+00:00"", ""model_version"": ""credit-v2.1"", ""application_id"": ""APEX-COMMERCIAL-014"", ""input_data_hash"": ""9ff16b1aff3d367ede0241ce908c9846f83fd97fef7a156a3b49ba4149cef379"", ""confidence_score"": 0.79, ""regulatory_basis"": ""REG-2026-Q1"", ""analysis_duration_ms"": 1983, ""recommended_limit_usd"": ""1593394.62""}","{""causation_id"": ""corr-2b960e4c-ebb0-4270-8265-5317cbf71c3a"", ""correlation_id"": ""corr-2b960e4c-ebb0-4270-8265-5317cbf71c3a"", ""schema_version"": 2}","2026-03-30 12:21:16.708243+03"
"f7daab57-7ae8-4398-b344-7403ed3b5ca5","agent-agent-credit-0014-sess-credit-0014","3","236","FraudScreeningCompleted",1,"{""agent_id"": ""agent-credit-0014"", ""fraud_score"": 0.063, ""screened_at"": ""2026-03-30 09:21:16.712527+00:00"", ""anomaly_flags"": [], ""application_id"": ""APEX-COMMERCIAL-014"", ""input_data_hash"": ""8462f158328236a717e47fa992fd148b4541e431ce79c8f888df9088e728766c"", ""screening_model_version"": ""fraud-v3.1""}","{""correlation_id"": ""corr-1a8b740d-31c3-4bbd-89b1-82956cd30369"", ""schema_version"": 1}","2026-03-30 12:21:16.713023+03"
"0a94b3df-5012-4e66-9e61-2123b72b8d1b","loan-APEX-COMMERCIAL-014","4","237","FraudScreeningCompleted",1,"{""agent_id"": ""agent-credit-0014"", ""fraud_score"": 0.063, ""screened_at"": ""2026-03-30 09:21:16.712527+00:00"", ""anomaly_flags"": [], ""application_id"": ""APEX-COMMERCIAL-014"", ""input_data_hash"": ""8462f158328236a717e47fa992fd148b4541e431ce79c8f888df9088e728766c"", ""screening_model_version"": ""fraud-v3.1""}","{""correlation_id"": ""corr-1a8b740d-31c3-4bbd-89b1-82956cd30369"", ""schema_version"": 1}","2026-03-30 12:21:16.715331+03"
"d697ce55-80c1-4d7d-a2e2-6a22c6e2d738","compliance-APEX-COMMERCIAL-014","1","238","ComplianceCheckRequested",1,"{""requested_at"": ""2026-03-30 09:21:16.718362+00:00"", ""application_id"": ""APEX-COMMERCIAL-014"", ""checks_required"": [""AML-001"", ""KYC-001"", ""SANCTIONS-001""], ""regulation_set_version"": ""REG-2026-Q1""}","{""correlation_id"": ""corr-901686d6-f502-49ed-90d3-4c2b279a09c0"", ""schema_version"": 1}","2026-03-30 12:21:16.719021+03"
"63fc69fb-0fce-4b82-a3e6-ac92ad2ef4f6","loan-APEX-COMMERCIAL-014","5","239","ComplianceCheckRequested",1,"{""requested_at"": ""2026-03-30 09:21:16.718362+00:00"", ""application_id"": ""APEX-COMMERCIAL-014"", ""checks_required"": [""AML-001"", ""KYC-001"", ""SANCTIONS-001""], ""regulation_set_version"": ""REG-2026-Q1""}","{""correlation_id"": ""corr-901686d6-f502-49ed-90d3-4c2b279a09c0"", ""schema_version"": 1}","2026-03-30 12:21:16.720973+03"
"f4bba7cf-fb2b-438e-922b-ff8a43ae8004","compliance-APEX-COMMERCIAL-014","2","240","ComplianceRulePassed",1,"{""rule_id"": ""AML-001"", ""rule_version"": ""v2.1"", ""evidence_hash"": ""2a1d303eba97bce4aeab10fdf0e07aaa8ec6fb52aae7b41c87a0433d516dc4cf"", ""application_id"": ""APEX-COMMERCIAL-014"", ""evaluation_timestamp"": ""2026-03-30 09:21:16.724788+00:00""}","{""correlation_id"": ""corr-61cd3d4b-6e72-4503-875a-3260a7f8be17"", ""schema_version"": 1}","2026-03-30 12:21:16.72602+03"
"bf88ace0-2869-4242-bee0-7cb611449eeb","compliance-APEX-COMMERCIAL-014","3","241","ComplianceRulePassed",1,"{""rule_id"": ""KYC-001"", ""rule_version"": ""v1.8"", ""evidence_hash"": ""b85f07ff8461cb9245f93a4a332341d5366a9d10d36b76cd1e7640473feb46f6"", ""application_id"": ""APEX-COMMERCIAL-014"", ""evaluation_timestamp"": ""2026-03-30 09:21:16.730781+00:00""}","{""correlation_id"": ""corr-754e61fa-56d4-4073-9234-66459173f2b0"", ""schema_version"": 1}","2026-03-30 12:21:16.731313+03"
"9b587f94-5ff6-4006-bd3a-2814f964786e","compliance-APEX-COMMERCIAL-014","4","242","ComplianceRulePassed",1,"{""rule_id"": ""SANCTIONS-001"", ""rule_version"": ""v3.0"", ""evidence_hash"": ""767be5ac90bc297b4c13c13d518d4bab547192c0010d7afdcc7001ce7bb4dbb9"", ""application_id"": ""APEX-COMMERCIAL-014"", ""evaluation_timestamp"": ""2026-03-30 09:21:16.733687+00:00""}","{""correlation_id"": ""corr-309bb9d0-6c46-4d77-b256-5d4cd375b703"", ""schema_version"": 1}","2026-03-30 12:21:16.734775+03"
"c522b13c-a5c5-4fb8-b34a-541a3f1dbf8d","compliance-APEX-COMMERCIAL-014","5","243","ComplianceClearanceIssued",1,"{""issued_at"": ""2026-03-30 09:21:16.738469+00:00"", ""checks_passed"": [""AML-001"", ""KYC-001"", ""SANCTIONS-001""], ""application_id"": ""APEX-COMMERCIAL-014"", ""issuing_agent_id"": ""agent-compliance-001"", ""regulation_set_version"": ""REG-2026-Q1""}","{""correlation_id"": ""corr-0b094d32-e706-4745-88e4-8baa629d214b"", ""schema_version"": 1}","2026-03-30 12:21:16.739111+03"
"e7b3dc3c-c46e-4f2a-8a7d-4c8bab903631","loan-APEX-COMMERCIAL-014","6","244","ComplianceClearanceIssued",1,"{""issued_at"": ""2026-03-30 09:21:16.738469+00:00"", ""checks_passed"": [""AML-001"", ""KYC-001"", ""SANCTIONS-001""], ""application_id"": ""APEX-COMMERCIAL-014"", ""issuing_agent_id"": ""agent-compliance-001"", ""regulation_set_version"": ""REG-2026-Q1""}","{""correlation_id"": ""corr-0b094d32-e706-4745-88e4-8baa629d214b"", ""schema_version"": 1}","2026-03-30 12:21:16.74291+03"
"357869cc-2b43-48e6-bb72-8efec02df2ba","agent-agent-orch-0014-sess-orch-0014","1","245","AgentContextLoaded",1,"{""agent_id"": ""agent-orch-0014"", ""loaded_at"": ""2026-03-30 09:21:16.744653+00:00"", ""session_id"": ""sess-orch-0014"", ""model_version"": ""orch-v1.0"", ""context_source"": ""fresh"", ""context_token_count"": 2048, ""event_replay_from_position"": 0}","{""correlation_id"": ""corr-1bf77ac7-f5f6-4b53-817f-d6b187ef7160"", ""schema_version"": 1}","2026-03-30 12:21:16.745267+03"
"0d49600c-c1d3-4540-84c9-e2ba215a2e38","loan-APEX-COMMERCIAL-014","7","246","DecisionGenerated",2,"{""generated_at"": ""2026-03-30 09:21:16.752398+00:00"", ""application_id"": ""APEX-COMMERCIAL-014"", ""model_versions"": {""credit"": ""credit-v2.1"", ""orchestrator"": ""orch-v1.0""}, ""recommendation"": ""APPROVE"", ""confidence_score"": 0.79, ""orchestrator_agent_id"": ""agent-orch-0014"", ""decision_basis_summary"": ""Synthetic bulk simulation for dashboard."", ""contributing_agent_sessions"": [""agent-agent-credit-0014-sess-credit-0014""]}","{""correlation_id"": ""corr-315dc712-b156-4c32-85c2-6ead8e398f72"", ""schema_version"": 2}","2026-03-30 12:21:16.753166+03"
"7b5146b3-ea9e-48f8-b4d4-09547b8cfdde","loan-APEX-COMMERCIAL-014","8","247","HumanReviewCompleted",1,"{""override"": false, ""reviewed_at"": ""2026-03-30 09:21:16.756125+00:00"", ""reviewer_id"": ""officer-0014"", ""application_id"": ""APEX-COMMERCIAL-014"", ""final_decision"": ""APPROVE"", ""override_reason"": null}","{""correlation_id"": ""corr-cfd90a6a-6fe5-473e-ad95-4a8d6dffc315"", ""schema_version"": 1}","2026-03-30 12:21:16.756716+03"
"971b0222-b822-4e25-9ee4-6f7bc1982cf9","loan-APEX-COMMERCIAL-014","9","248","ApplicationApproved",1,"{""conditions"": [], ""approved_by"": ""officer-0014"", ""interest_rate"": 0.0, ""application_id"": ""APEX-COMMERCIAL-014"", ""effective_date"": ""2026-03-30 09:21:16.756139+00:00"", ""approved_amount_usd"": ""1593394.62""}","{""correlation_id"": ""corr-cfd90a6a-6fe5-473e-ad95-4a8d6dffc315"", ""schema_version"": 1}","2026-03-30 12:21:16.757062+03"
"4e6e8865-8fee-42fc-96d7-c2e023f9dc53","agent-agent-credit-0015-sess-credit-0015","1","249","AgentContextLoaded",1,"{""agent_id"": ""agent-credit-0015"", ""loaded_at"": ""2026-03-30 09:21:16.764383+00:00"", ""session_id"": ""sess-credit-0015"", ""model_version"": ""credit-v2.1"", ""context_source"": ""fresh"", ""context_token_count"": 4096, ""event_replay_from_position"": 0}","{""correlation_id"": ""corr-e37164a0-863c-4d03-8525-27f6292359d9"", ""schema_version"": 1}","2026-03-30 12:21:16.76497+03"
"c82d63b7-e38f-42d6-b6f5-ceabaee16ff3","loan-APEX-COMMERCIAL-015","1","250","ApplicationSubmitted",1,"{""applicant_id"": ""borrower-0015"", ""loan_purpose"": ""Working capital"", ""submitted_at"": ""2026-03-30 09:21:16.767082+00:00"", ""application_id"": ""APEX-COMMERCIAL-015"", ""submission_channel"": ""broker"", ""requested_amount_usd"": ""224077.0""}","{""correlation_id"": ""corr-7c3856af-151a-43b9-b416-1825ac41efd7"", ""schema_version"": 1}","2026-03-30 12:21:16.768072+03"
"61ed18fc-28e3-45ed-b719-f1d8ae64ccc8","loan-APEX-COMMERCIAL-015","2","251","CreditAnalysisRequested",1,"{""priority"": ""HIGH"", ""requested_at"": ""2026-03-30 09:21:16.772208+00:00"", ""application_id"": ""APEX-COMMERCIAL-015"", ""assigned_agent_id"": ""agent-credit-0015""}","{""correlation_id"": ""corr-7e2b9435-ac6c-4e78-bdf6-72895da2c5ed"", ""schema_version"": 1}","2026-03-30 12:21:16.772786+03"
"91677577-67eb-467a-865c-d9ef98a3e581","agent-agent-credit-0015-sess-credit-0015","2","252","CreditAnalysisCompleted",2,"{""agent_id"": ""agent-credit-0015"", ""risk_tier"": ""MEDIUM"", ""session_id"": ""sess-credit-0015"", ""completed_at"": ""2026-03-30 09:21:16.777257+00:00"", ""model_version"": ""credit-v2.1"", ""application_id"": ""APEX-COMMERCIAL-015"", ""input_data_hash"": ""c7aaffd84b64afbd2e3b35aa22f46a3be73db182ab8f48e0183e2a09d7f82574"", ""confidence_score"": 0.93, ""regulatory_basis"": ""REG-2026-Q1"", ""analysis_duration_ms"": 2474, ""recommended_limit_usd"": ""209547.4""}","{""causation_id"": ""corr-8a1f7180-e512-4bec-add7-b6f8573523fc"", ""correlation_id"": ""corr-8a1f7180-e512-4bec-add7-b6f8573523fc"", ""schema_version"": 2}","2026-03-30 12:21:16.777789+03"
"aebe8735-702f-41da-ae8f-74b800deebc5","loan-APEX-COMMERCIAL-015","3","253","CreditAnalysisCompleted",2,"{""agent_id"": ""agent-credit-0015"", ""risk_tier"": ""MEDIUM"", ""session_id"": ""sess-credit-0015"", ""completed_at"": ""2026-03-30 09:21:16.777257+00:00"", ""model_version"": ""credit-v2.1"", ""application_id"": ""APEX-COMMERCIAL-015"", ""input_data_hash"": ""c7aaffd84b64afbd2e3b35aa22f46a3be73db182ab8f48e0183e2a09d7f82574"", ""confidence_score"": 0.93, ""regulatory_basis"": ""REG-2026-Q1"", ""analysis_duration_ms"": 2474, ""recommended_limit_usd"": ""209547.4""}","{""causation_id"": ""corr-8a1f7180-e512-4bec-add7-b6f8573523fc"", ""correlation_id"": ""corr-8a1f7180-e512-4bec-add7-b6f8573523fc"", ""schema_version"": 2}","2026-03-30 12:21:16.779968+03"
"72111a4d-5f3c-4c9f-845f-5fe367614536","agent-agent-credit-0015-sess-credit-0015","3","254","FraudScreeningCompleted",1,"{""agent_id"": ""agent-credit-0015"", ""fraud_score"": 0.106, ""screened_at"": ""2026-03-30 09:21:16.783680+00:00"", ""anomaly_flags"": [], ""application_id"": ""APEX-COMMERCIAL-015"", ""input_data_hash"": ""463c563a1d70a4fc5681e43ccf72a189a59b07a2d620e60467892501c05f1108"", ""screening_model_version"": ""fraud-v3.1""}","{""correlation_id"": ""corr-e8a9fc0d-9639-4119-8a9f-0bbd6a4d9b27"", ""schema_version"": 1}","2026-03-30 12:21:16.784745+03"
"e5e78205-2813-4ecd-ad7a-0ca73383d11f","loan-APEX-COMMERCIAL-015","4","255","FraudScreeningCompleted",1,"{""agent_id"": ""agent-credit-0015"", ""fraud_score"": 0.106, ""screened_at"": ""2026-03-30 09:21:16.783680+00:00"", ""anomaly_flags"": [], ""application_id"": ""APEX-COMMERCIAL-015"", ""input_data_hash"": ""463c563a1d70a4fc5681e43ccf72a189a59b07a2d620e60467892501c05f1108"", ""screening_model_version"": ""fraud-v3.1""}","{""correlation_id"": ""corr-e8a9fc0d-9639-4119-8a9f-0bbd6a4d9b27"", ""schema_version"": 1}","2026-03-30 12:21:16.78713+03"
"073c0dc9-a258-4c6d-83e2-733e1ae438ab","compliance-APEX-COMMERCIAL-015","1","256","ComplianceCheckRequested",1,"{""requested_at"": ""2026-03-30 09:21:16.791936+00:00"", ""application_id"": ""APEX-COMMERCIAL-015"", ""checks_required"": [""AML-001"", ""KYC-001"", ""SANCTIONS-001""], ""regulation_set_version"": ""REG-2026-Q1""}","{""correlation_id"": ""corr-63dbb1fe-e429-40c1-a051-e5bf528d8820"", ""schema_version"": 1}","2026-03-30 12:21:16.794194+03"
"ae77af9b-9f39-4d7e-aa6d-b7c2e7a8b142","loan-APEX-COMMERCIAL-015","5","257","ComplianceCheckRequested",1,"{""requested_at"": ""2026-03-30 09:21:16.791936+00:00"", ""application_id"": ""APEX-COMMERCIAL-015"", ""checks_required"": [""AML-001"", ""KYC-001"", ""SANCTIONS-001""], ""regulation_set_version"": ""REG-2026-Q1""}","{""correlation_id"": ""corr-63dbb1fe-e429-40c1-a051-e5bf528d8820"", ""schema_version"": 1}","2026-03-30 12:21:16.796886+03"
"43f1f575-a46f-41a9-95b7-d4bd59b5339d","compliance-APEX-COMMERCIAL-015","2","258","ComplianceRulePassed",1,"{""rule_id"": ""AML-001"", ""rule_version"": ""v2.1"", ""evidence_hash"": ""2a1d303eba97bce4aeab10fdf0e07aaa8ec6fb52aae7b41c87a0433d516dc4cf"", ""application_id"": ""APEX-COMMERCIAL-015"", ""evaluation_timestamp"": ""2026-03-30 09:21:16.799262+00:00""}","{""correlation_id"": ""corr-171a2dfd-92ac-4a44-ae82-f40d498ac78e"", ""schema_version"": 1}","2026-03-30 12:21:16.800739+03"
"aea8b723-76f3-477a-bde7-a1dbe9b4af04","compliance-APEX-COMMERCIAL-015","3","259","ComplianceRulePassed",1,"{""rule_id"": ""KYC-001"", ""rule_version"": ""v1.8"", ""evidence_hash"": ""b85f07ff8461cb9245f93a4a332341d5366a9d10d36b76cd1e7640473feb46f6"", ""application_id"": ""APEX-COMMERCIAL-015"", ""evaluation_timestamp"": ""2026-03-30 09:21:16.806633+00:00""}","{""correlation_id"": ""corr-2c27766c-e68c-4c13-b372-ebd62af7e0e5"", ""schema_version"": 1}","2026-03-30 12:21:16.807306+03"
"453efd58-097b-4822-b924-be719e6ed185","compliance-APEX-COMMERCIAL-015","4","260","ComplianceRulePassed",1,"{""rule_id"": ""SANCTIONS-001"", ""rule_version"": ""v3.0"", ""evidence_hash"": ""767be5ac90bc297b4c13c13d518d4bab547192c0010d7afdcc7001ce7bb4dbb9"", ""application_id"": ""APEX-COMMERCIAL-015"", ""evaluation_timestamp"": ""2026-03-30 09:21:16.810289+00:00""}","{""correlation_id"": ""corr-0631b56c-79e3-424e-9042-41e37de65c40"", ""schema_version"": 1}","2026-03-30 12:21:16.811304+03"
"c62375bf-47b6-4323-aa7b-52a23d75379b","compliance-APEX-COMMERCIAL-015","5","261","ComplianceClearanceIssued",1,"{""issued_at"": ""2026-03-30 09:21:16.816206+00:00"", ""checks_passed"": [""AML-001"", ""KYC-001"", ""SANCTIONS-001""], ""application_id"": ""APEX-COMMERCIAL-015"", ""issuing_agent_id"": ""agent-compliance-001"", ""regulation_set_version"": ""REG-2026-Q1""}","{""correlation_id"": ""corr-67e15ceb-d3bc-402a-a5d3-0258bbfc57c3"", ""schema_version"": 1}","2026-03-30 12:21:16.816898+03"
"e7b36b63-a49a-4b2f-9bcf-3ab29ab88e85","loan-APEX-COMMERCIAL-015","6","262","ComplianceClearanceIssued",1,"{""issued_at"": ""2026-03-30 09:21:16.816206+00:00"", ""checks_passed"": [""AML-001"", ""KYC-001"", ""SANCTIONS-001""], ""application_id"": ""APEX-COMMERCIAL-015"", ""issuing_agent_id"": ""agent-compliance-001"", ""regulation_set_version"": ""REG-2026-Q1""}","{""correlation_id"": ""corr-67e15ceb-d3bc-402a-a5d3-0258bbfc57c3"", ""schema_version"": 1}","2026-03-30 12:21:16.820502+03"
"f3ca7d09-58b6-49f1-9e83-02ca586f1093","agent-agent-orch-0015-sess-orch-0015","1","263","AgentContextLoaded",1,"{""agent_id"": ""agent-orch-0015"", ""loaded_at"": ""2026-03-30 09:21:16.822148+00:00"", ""session_id"": ""sess-orch-0015"", ""model_version"": ""orch-v1.0"", ""context_source"": ""fresh"", ""context_token_count"": 2048, ""event_replay_from_position"": 0}","{""correlation_id"": ""corr-1115a509-3ac2-4436-babf-366fdf3d47dc"", ""schema_version"": 1}","2026-03-30 12:21:16.822872+03"
"11fb4ae8-57bd-4125-aa52-0e0581798c16","loan-APEX-COMMERCIAL-015","7","264","DecisionGenerated",2,"{""generated_at"": ""2026-03-30 09:21:16.832278+00:00"", ""application_id"": ""APEX-COMMERCIAL-015"", ""model_versions"": {""credit"": ""credit-v2.1"", ""orchestrator"": ""orch-v1.0""}, ""recommendation"": ""APPROVE"", ""confidence_score"": 0.93, ""orchestrator_agent_id"": ""agent-orch-0015"", ""decision_basis_summary"": ""Synthetic bulk simulation for dashboard."", ""contributing_agent_sessions"": [""agent-agent-credit-0015-sess-credit-0015""]}","{""correlation_id"": ""corr-f159a1cc-5588-4652-ad9b-d9d208ca17b5"", ""schema_version"": 2}","2026-03-30 12:21:16.832689+03"
"47c4a3a6-dac8-4f9b-b48e-4cc1f1f2da9f","loan-APEX-COMMERCIAL-015","8","265","HumanReviewCompleted",1,"{""override"": true, ""reviewed_at"": ""2026-03-30 09:21:16.836512+00:00"", ""reviewer_id"": ""officer-0015"", ""application_id"": ""APEX-COMMERCIAL-015"", ""final_decision"": ""DECLINE"", ""override_reason"": ""Portfolio balancing""}","{""correlation_id"": ""corr-f843f6ae-824b-425d-9f35-4e6a520b8e28"", ""schema_version"": 1}","2026-03-30 12:21:16.838396+03"
"2e24a0b5-94da-4110-b1dc-38e53a8144e4","loan-APEX-COMMERCIAL-015","9","266","ApplicationDeclined",1,"{""declined_at"": ""2026-03-30 09:21:16.836527+00:00"", ""declined_by"": ""officer-0015"", ""application_id"": ""APEX-COMMERCIAL-015"", ""decline_reasons"": [""Human review decision: decline""], ""adverse_action_notice_required"": true}","{""correlation_id"": ""corr-f843f6ae-824b-425d-9f35-4e6a520b8e28"", ""schema_version"": 1}","2026-03-30 12:21:16.83884+03"
"f45389c7-b830-4a5c-b934-4f1f480a4b70","agent-agent-credit-0016-sess-credit-0016","1","267","AgentContextLoaded",1,"{""agent_id"": ""agent-credit-0016"", ""loaded_at"": ""2026-03-30 09:21:16.841428+00:00"", ""session_id"": ""sess-credit-0016"", ""model_version"": ""credit-v2.1"", ""context_source"": ""fresh"", ""context_token_count"": 4096, ""event_replay_from_position"": 0}","{""correlation_id"": ""corr-232e7959-2662-4319-9c51-edc9674ee9c9"", ""schema_version"": 1}","2026-03-30 12:21:16.842242+03"
"7e865717-b401-4e29-b682-baaef0b250b6","loan-APEX-COMMERCIAL-016","1","268","ApplicationSubmitted",1,"{""applicant_id"": ""borrower-0016"", ""loan_purpose"": ""Working capital"", ""submitted_at"": ""2026-03-30 09:21:16.844066+00:00"", ""application_id"": ""APEX-COMMERCIAL-016"", ""submission_channel"": ""broker"", ""requested_amount_usd"": ""1111768.0""}","{""correlation_id"": ""corr-b6a2ae8f-f4f7-49c2-99cf-92f7aae7ce0e"", ""schema_version"": 1}","2026-03-30 12:21:16.844484+03"
"05097ef2-c733-4c1b-b2c0-ea838a44af24","loan-APEX-COMMERCIAL-016","2","269","CreditAnalysisRequested",1,"{""priority"": ""HIGH"", ""requested_at"": ""2026-03-30 09:21:16.846230+00:00"", ""application_id"": ""APEX-COMMERCIAL-016"", ""assigned_agent_id"": ""agent-credit-0016""}","{""correlation_id"": ""corr-72c4b3be-394a-48d8-b30f-a62cda89dc74"", ""schema_version"": 1}","2026-03-30 12:21:16.846734+03"
"4103003e-bf97-40b0-af5b-656cdf49ba7d","agent-agent-credit-0016-sess-credit-0016","2","270","CreditAnalysisCompleted",2,"{""agent_id"": ""agent-credit-0016"", ""risk_tier"": ""LOW"", ""session_id"": ""sess-credit-0016"", ""completed_at"": ""2026-03-30 09:21:16.848921+00:00"", ""model_version"": ""credit-v2.1"", ""application_id"": ""APEX-COMMERCIAL-016"", ""input_data_hash"": ""4da1ec416d2529733b3f14388492b90038f0acd352cbaf1f13f6d909b23e4f1e"", ""confidence_score"": 0.88, ""regulatory_basis"": ""REG-2026-Q1"", ""analysis_duration_ms"": 1925, ""recommended_limit_usd"": ""1033435.63""}","{""causation_id"": ""corr-406b98d4-637e-4652-be72-562385ddb5bb"", ""correlation_id"": ""corr-406b98d4-637e-4652-be72-562385ddb5bb"", ""schema_version"": 2}","2026-03-30 12:21:16.849295+03"
"a01b2d3e-cfd1-4a4b-8c2b-30f84cc1d524","loan-APEX-COMMERCIAL-016","3","271","CreditAnalysisCompleted",2,"{""agent_id"": ""agent-credit-0016"", ""risk_tier"": ""LOW"", ""session_id"": ""sess-credit-0016"", ""completed_at"": ""2026-03-30 09:21:16.848921+00:00"", ""model_version"": ""credit-v2.1"", ""application_id"": ""APEX-COMMERCIAL-016"", ""input_data_hash"": ""4da1ec416d2529733b3f14388492b90038f0acd352cbaf1f13f6d909b23e4f1e"", ""confidence_score"": 0.88, ""regulatory_basis"": ""REG-2026-Q1"", ""analysis_duration_ms"": 1925, ""recommended_limit_usd"": ""1033435.63""}","{""causation_id"": ""corr-406b98d4-637e-4652-be72-562385ddb5bb"", ""correlation_id"": ""corr-406b98d4-637e-4652-be72-562385ddb5bb"", ""schema_version"": 2}","2026-03-30 12:21:16.851926+03"
"24418ec4-24da-418d-b068-513fd31f94a5","agent-agent-credit-0016-sess-credit-0016","3","272","FraudScreeningCompleted",1,"{""agent_id"": ""agent-credit-0016"", ""fraud_score"": 0.013, ""screened_at"": ""2026-03-30 09:21:16.854743+00:00"", ""anomaly_flags"": [], ""application_id"": ""APEX-COMMERCIAL-016"", ""input_data_hash"": ""fd6ab14146fca316f489630c027235351d2b40525c34ef8b150ef69f49c0fd1b"", ""screening_model_version"": ""fraud-v3.1""}","{""correlation_id"": ""corr-67b26623-c198-4a9d-9359-7813e781b779"", ""schema_version"": 1}","2026-03-30 12:21:16.855403+03"
"ed9b91a7-034a-4ea0-8a0e-50de2b55ea41","loan-APEX-COMMERCIAL-016","4","273","FraudScreeningCompleted",1,"{""agent_id"": ""agent-credit-0016"", ""fraud_score"": 0.013, ""screened_at"": ""2026-03-30 09:21:16.854743+00:00"", ""anomaly_flags"": [], ""application_id"": ""APEX-COMMERCIAL-016"", ""input_data_hash"": ""fd6ab14146fca316f489630c027235351d2b40525c34ef8b150ef69f49c0fd1b"", ""screening_model_version"": ""fraud-v3.1""}","{""correlation_id"": ""corr-67b26623-c198-4a9d-9359-7813e781b779"", ""schema_version"": 1}","2026-03-30 12:21:16.859357+03"
"80fcf317-5484-4fb2-94b9-a1cf88730e22","compliance-APEX-COMMERCIAL-016","1","274","ComplianceCheckRequested",1,"{""requested_at"": ""2026-03-30 09:21:16.865557+00:00"", ""application_id"": ""APEX-COMMERCIAL-016"", ""checks_required"": [""AML-001"", ""KYC-001"", ""SANCTIONS-001""], ""regulation_set_version"": ""REG-2026-Q1""}","{""correlation_id"": ""corr-bc630807-08c7-4b2e-88ec-a0ed386957be"", ""schema_version"": 1}","2026-03-30 12:21:16.866303+03"
"a36471cd-1eae-49db-a848-8f1f134e6017","loan-APEX-COMMERCIAL-016","5","275","ComplianceCheckRequested",1,"{""requested_at"": ""2026-03-30 09:21:16.865557+00:00"", ""application_id"": ""APEX-COMMERCIAL-016"", ""checks_required"": [""AML-001"", ""KYC-001"", ""SANCTIONS-001""], ""regulation_set_version"": ""REG-2026-Q1""}","{""correlation_id"": ""corr-bc630807-08c7-4b2e-88ec-a0ed386957be"", ""schema_version"": 1}","2026-03-30 12:21:16.868952+03"
"38efba42-31a7-4485-8e8f-efc43a37a3d9","compliance-APEX-COMMERCIAL-016","2","276","ComplianceRulePassed",1,"{""rule_id"": ""AML-001"", ""rule_version"": ""v2.1"", ""evidence_hash"": ""2a1d303eba97bce4aeab10fdf0e07aaa8ec6fb52aae7b41c87a0433d516dc4cf"", ""application_id"": ""APEX-COMMERCIAL-016"", ""evaluation_timestamp"": ""2026-03-30 09:21:16.873084+00:00""}","{""correlation_id"": ""corr-d2d2358a-27a6-43be-a28a-a947b603cd82"", ""schema_version"": 1}","2026-03-30 12:21:16.873598+03"
"110149bd-d375-4d8a-a1b5-d664c0decccc","compliance-APEX-COMMERCIAL-016","3","277","ComplianceRulePassed",1,"{""rule_id"": ""KYC-001"", ""rule_version"": ""v1.8"", ""evidence_hash"": ""b85f07ff8461cb9245f93a4a332341d5366a9d10d36b76cd1e7640473feb46f6"", ""application_id"": ""APEX-COMMERCIAL-016"", ""evaluation_timestamp"": ""2026-03-30 09:21:16.877351+00:00""}","{""correlation_id"": ""corr-0efe2f49-6c39-43b5-b9e0-678328924552"", ""schema_version"": 1}","2026-03-30 12:21:16.877837+03"
"620b725a-a99b-46dd-9927-0b551b138e3b","compliance-APEX-COMMERCIAL-016","4","278","ComplianceRulePassed",1,"{""rule_id"": ""SANCTIONS-001"", ""rule_version"": ""v3.0"", ""evidence_hash"": ""767be5ac90bc297b4c13c13d518d4bab547192c0010d7afdcc7001ce7bb4dbb9"", ""application_id"": ""APEX-COMMERCIAL-016"", ""evaluation_timestamp"": ""2026-03-30 09:21:16.879850+00:00""}","{""correlation_id"": ""corr-d50a1273-db3e-4f44-aac5-1a91ba942ef1"", ""schema_version"": 1}","2026-03-30 12:21:16.880365+03"
"ca9e61d5-62b3-4f26-9b78-0a9194ca8751","compliance-APEX-COMMERCIAL-016","5","279","ComplianceClearanceIssued",1,"{""issued_at"": ""2026-03-30 09:21:16.882203+00:00"", ""checks_passed"": [""AML-001"", ""KYC-001"", ""SANCTIONS-001""], ""application_id"": ""APEX-COMMERCIAL-016"", ""issuing_agent_id"": ""agent-compliance-001"", ""regulation_set_version"": ""REG-2026-Q1""}","{""correlation_id"": ""corr-ef7683ed-49b0-4754-ad24-100f47e6bd30"", ""schema_version"": 1}","2026-03-30 12:21:16.882582+03"
"6d1509fa-4a98-494b-80e6-38edcd549a34","loan-APEX-COMMERCIAL-016","6","280","ComplianceClearanceIssued",1,"{""issued_at"": ""2026-03-30 09:21:16.882203+00:00"", ""checks_passed"": [""AML-001"", ""KYC-001"", ""SANCTIONS-001""], ""application_id"": ""APEX-COMMERCIAL-016"", ""issuing_agent_id"": ""agent-compliance-001"", ""regulation_set_version"": ""REG-2026-Q1""}","{""correlation_id"": ""corr-ef7683ed-49b0-4754-ad24-100f47e6bd30"", ""schema_version"": 1}","2026-03-30 12:21:16.885846+03"
"82240a92-ffba-4679-b7a3-da1565d08a2b","agent-agent-orch-0016-sess-orch-0016","1","281","AgentContextLoaded",1,"{""agent_id"": ""agent-orch-0016"", ""loaded_at"": ""2026-03-30 09:21:16.887055+00:00"", ""session_id"": ""sess-orch-0016"", ""model_version"": ""orch-v1.0"", ""context_source"": ""fresh"", ""context_token_count"": 2048, ""event_replay_from_position"": 0}","{""correlation_id"": ""corr-c9beda61-99e3-40db-bbd0-cb499c4685bc"", ""schema_version"": 1}","2026-03-30 12:21:16.887634+03"
"3d5e56cc-ce3c-49e4-8cef-63b04da9d78a","loan-APEX-COMMERCIAL-016","7","282","DecisionGenerated",2,"{""generated_at"": ""2026-03-30 09:21:16.893489+00:00"", ""application_id"": ""APEX-COMMERCIAL-016"", ""model_versions"": {""credit"": ""credit-v2.1"", ""orchestrator"": ""orch-v1.0""}, ""recommendation"": ""APPROVE"", ""confidence_score"": 0.88, ""orchestrator_agent_id"": ""agent-orch-0016"", ""decision_basis_summary"": ""Synthetic bulk simulation for dashboard."", ""contributing_agent_sessions"": [""agent-agent-credit-0016-sess-credit-0016""]}","{""correlation_id"": ""corr-3acdbcc8-9ff8-417a-a2e6-2a928e808a52"", ""schema_version"": 2}","2026-03-30 12:21:16.894731+03"
"380436fa-2941-4ecf-a16b-cef100394a2e","loan-APEX-COMMERCIAL-016","8","283","HumanReviewCompleted",1,"{""override"": false, ""reviewed_at"": ""2026-03-30 09:21:16.897576+00:00"", ""reviewer_id"": ""officer-0016"", ""application_id"": ""APEX-COMMERCIAL-016"", ""final_decision"": ""APPROVE"", ""override_reason"": null}","{""correlation_id"": ""corr-fd6d7469-e298-4bc6-bf4e-2c60b4175c9c"", ""schema_version"": 1}","2026-03-30 12:21:16.898212+03"
"ca48737d-5af1-4fc7-80f3-e7093604fc8d","loan-APEX-COMMERCIAL-016","9","284","ApplicationApproved",1,"{""conditions"": [], ""approved_by"": ""officer-0016"", ""interest_rate"": 0.0, ""application_id"": ""APEX-COMMERCIAL-016"", ""effective_date"": ""2026-03-30 09:21:16.897592+00:00"", ""approved_amount_usd"": ""1033435.63""}","{""correlation_id"": ""corr-fd6d7469-e298-4bc6-bf4e-2c60b4175c9c"", ""schema_version"": 1}","2026-03-30 12:21:16.898579+03"
"89c2865a-9755-4797-9adf-8c74d96412dd","agent-agent-credit-0017-sess-credit-0017","1","285","AgentContextLoaded",1,"{""agent_id"": ""agent-credit-0017"", ""loaded_at"": ""2026-03-30 09:21:16.901831+00:00"", ""session_id"": ""sess-credit-0017"", ""model_version"": ""credit-v2.1"", ""context_source"": ""fresh"", ""context_token_count"": 4096, ""event_replay_from_position"": 0}","{""correlation_id"": ""corr-d11a0f57-28ef-4feb-a9d3-467aeee6c9a1"", ""schema_version"": 1}","2026-03-30 12:21:16.902495+03"
"47b6295f-4ac9-4fc0-b581-9764644c706e","loan-APEX-COMMERCIAL-017","1","286","ApplicationSubmitted",1,"{""applicant_id"": ""borrower-0017"", ""loan_purpose"": ""Working capital"", ""submitted_at"": ""2026-03-30 09:21:16.906118+00:00"", ""application_id"": ""APEX-COMMERCIAL-017"", ""submission_channel"": ""broker"", ""requested_amount_usd"": ""423159.0""}","{""correlation_id"": ""corr-10a1114b-a360-4208-aebd-50eb8c9e85e1"", ""schema_version"": 1}","2026-03-30 12:21:16.9067+03"
"5e2c68c3-77b8-4069-be00-cad90b0cbb95","loan-APEX-COMMERCIAL-017","2","287","CreditAnalysisRequested",1,"{""priority"": ""HIGH"", ""requested_at"": ""2026-03-30 09:21:16.909759+00:00"", ""application_id"": ""APEX-COMMERCIAL-017"", ""assigned_agent_id"": ""agent-credit-0017""}","{""correlation_id"": ""corr-c59b5306-89c7-4e71-8e98-323ea1803f05"", ""schema_version"": 1}","2026-03-30 12:21:16.911864+03"
"a6dc6d99-eecf-4a7a-a190-e7e336aae7c6","agent-agent-credit-0017-sess-credit-0017","2","288","CreditAnalysisCompleted",2,"{""agent_id"": ""agent-credit-0017"", ""risk_tier"": ""HIGH"", ""session_id"": ""sess-credit-0017"", ""completed_at"": ""2026-03-30 09:21:16.915134+00:00"", ""model_version"": ""credit-v2.1"", ""application_id"": ""APEX-COMMERCIAL-017"", ""input_data_hash"": ""e582c17c849750086487ef195bd2ee283adaa7b03c195830395b4313fa38d003"", ""confidence_score"": 0.86, ""regulatory_basis"": ""REG-2026-Q1"", ""analysis_duration_ms"": 1213, ""recommended_limit_usd"": ""384911.62""}","{""causation_id"": ""corr-f08e09ef-48f6-4c45-95c6-572ea9a348b3"", ""correlation_id"": ""corr-f08e09ef-48f6-4c45-95c6-572ea9a348b3"", ""schema_version"": 2}","2026-03-30 12:21:16.915609+03"
"4dac0358-a7ed-4db4-9b03-e0d825faff59","loan-APEX-COMMERCIAL-017","3","289","CreditAnalysisCompleted",2,"{""agent_id"": ""agent-credit-0017"", ""risk_tier"": ""HIGH"", ""session_id"": ""sess-credit-0017"", ""completed_at"": ""2026-03-30 09:21:16.915134+00:00"", ""model_version"": ""credit-v2.1"", ""application_id"": ""APEX-COMMERCIAL-017"", ""input_data_hash"": ""e582c17c849750086487ef195bd2ee283adaa7b03c195830395b4313fa38d003"", ""confidence_score"": 0.86, ""regulatory_basis"": ""REG-2026-Q1"", ""analysis_duration_ms"": 1213, ""recommended_limit_usd"": ""384911.62""}","{""causation_id"": ""corr-f08e09ef-48f6-4c45-95c6-572ea9a348b3"", ""correlation_id"": ""corr-f08e09ef-48f6-4c45-95c6-572ea9a348b3"", ""schema_version"": 2}","2026-03-30 12:21:16.917503+03"
"1885ffb7-f6c5-423e-acf7-30c802d113e6","agent-agent-credit-0017-sess-credit-0017","3","290","FraudScreeningCompleted",1,"{""agent_id"": ""agent-credit-0017"", ""fraud_score"": 0.261, ""screened_at"": ""2026-03-30 09:21:16.920859+00:00"", ""anomaly_flags"": [], ""application_id"": ""APEX-COMMERCIAL-017"", ""input_data_hash"": ""06546545af251cdfd62424f6db2b820028573658bc4bec488bf3191939189f7e"", ""screening_model_version"": ""fraud-v3.1""}","{""correlation_id"": ""corr-0fffa94c-f3d5-4aac-bbe5-ad63929dbd56"", ""schema_version"": 1}","2026-03-30 12:21:16.921404+03"
"b48db7cf-aee4-4f69-8ae0-ac2020d06df8","loan-APEX-COMMERCIAL-017","4","291","FraudScreeningCompleted",1,"{""agent_id"": ""agent-credit-0017"", ""fraud_score"": 0.261, ""screened_at"": ""2026-03-30 09:21:16.920859+00:00"", ""anomaly_flags"": [], ""application_id"": ""APEX-COMMERCIAL-017"", ""input_data_hash"": ""06546545af251cdfd62424f6db2b820028573658bc4bec488bf3191939189f7e"", ""screening_model_version"": ""fraud-v3.1""}","{""correlation_id"": ""corr-0fffa94c-f3d5-4aac-bbe5-ad63929dbd56"", ""schema_version"": 1}","2026-03-30 12:21:16.924471+03"
"d2a2c475-2ba7-4215-a050-89664d3de68f","compliance-APEX-COMMERCIAL-017","1","292","ComplianceCheckRequested",1,"{""requested_at"": ""2026-03-30 09:21:16.930723+00:00"", ""application_id"": ""APEX-COMMERCIAL-017"", ""checks_required"": [""AML-001"", ""KYC-001"", ""SANCTIONS-001""], ""regulation_set_version"": ""REG-2026-Q1""}","{""correlation_id"": ""corr-1b9c1e83-d193-41d0-9556-2acc53a6d432"", ""schema_version"": 1}","2026-03-30 12:21:16.931437+03"
"2f577032-f64c-4d44-add6-fd4bce03b734","loan-APEX-COMMERCIAL-017","5","293","ComplianceCheckRequested",1,"{""requested_at"": ""2026-03-30 09:21:16.930723+00:00"", ""application_id"": ""APEX-COMMERCIAL-017"", ""checks_required"": [""AML-001"", ""KYC-001"", ""SANCTIONS-001""], ""regulation_set_version"": ""REG-2026-Q1""}","{""correlation_id"": ""corr-1b9c1e83-d193-41d0-9556-2acc53a6d432"", ""schema_version"": 1}","2026-03-30 12:21:16.936141+03"
"9d445493-a447-4ce3-b446-b22253914e27","compliance-APEX-COMMERCIAL-017","2","294","ComplianceRulePassed",1,"{""rule_id"": ""AML-001"", ""rule_version"": ""v2.1"", ""evidence_hash"": ""2a1d303eba97bce4aeab10fdf0e07aaa8ec6fb52aae7b41c87a0433d516dc4cf"", ""application_id"": ""APEX-COMMERCIAL-017"", ""evaluation_timestamp"": ""2026-03-30 09:21:16.941051+00:00""}","{""correlation_id"": ""corr-4de80914-2d0a-4513-bc26-2b084b3ffd5f"", ""schema_version"": 1}","2026-03-30 12:21:16.941836+03"
"a1cd6e7c-a859-4bcd-94b7-2d1841c64613","compliance-APEX-COMMERCIAL-017","3","295","ComplianceRulePassed",1,"{""rule_id"": ""KYC-001"", ""rule_version"": ""v1.8"", ""evidence_hash"": ""b85f07ff8461cb9245f93a4a332341d5366a9d10d36b76cd1e7640473feb46f6"", ""application_id"": ""APEX-COMMERCIAL-017"", ""evaluation_timestamp"": ""2026-03-30 09:21:16.944573+00:00""}","{""correlation_id"": ""corr-757d57a5-1faf-4a7c-a707-4e3bd022a672"", ""schema_version"": 1}","2026-03-30 12:21:16.953653+03"
"677b228e-f57d-4c0c-b845-8a670e86285c","compliance-APEX-COMMERCIAL-017","4","296","ComplianceRulePassed",1,"{""rule_id"": ""SANCTIONS-001"", ""rule_version"": ""v3.0"", ""evidence_hash"": ""767be5ac90bc297b4c13c13d518d4bab547192c0010d7afdcc7001ce7bb4dbb9"", ""application_id"": ""APEX-COMMERCIAL-017"", ""evaluation_timestamp"": ""2026-03-30 09:21:16.957259+00:00""}","{""correlation_id"": ""corr-f1eb9555-65e3-4957-9ab9-8f2bdd7e7bdb"", ""schema_version"": 1}","2026-03-30 12:21:16.957971+03"
"1ae068b9-bcc3-46e1-8a40-e9bec428ae52","compliance-APEX-COMMERCIAL-017","5","297","ComplianceClearanceIssued",1,"{""issued_at"": ""2026-03-30 09:21:16.960907+00:00"", ""checks_passed"": [""AML-001"", ""KYC-001"", ""SANCTIONS-001""], ""application_id"": ""APEX-COMMERCIAL-017"", ""issuing_agent_id"": ""agent-compliance-001"", ""regulation_set_version"": ""REG-2026-Q1""}","{""correlation_id"": ""corr-6874322c-b25c-4737-9973-82ddfaf28deb"", ""schema_version"": 1}","2026-03-30 12:21:16.961664+03"
"67ff9028-dcc6-44bc-8967-5a9525d02579","loan-APEX-COMMERCIAL-017","6","298","ComplianceClearanceIssued",1,"{""issued_at"": ""2026-03-30 09:21:16.960907+00:00"", ""checks_passed"": [""AML-001"", ""KYC-001"", ""SANCTIONS-001""], ""application_id"": ""APEX-COMMERCIAL-017"", ""issuing_agent_id"": ""agent-compliance-001"", ""regulation_set_version"": ""REG-2026-Q1""}","{""correlation_id"": ""corr-6874322c-b25c-4737-9973-82ddfaf28deb"", ""schema_version"": 1}","2026-03-30 12:21:16.96871+03"
"b1642a5d-5f29-4b20-8c78-67ec5fde897d","agent-agent-orch-0017-sess-orch-0017","1","299","AgentContextLoaded",1,"{""agent_id"": ""agent-orch-0017"", ""loaded_at"": ""2026-03-30 09:21:16.970799+00:00"", ""session_id"": ""sess-orch-0017"", ""model_version"": ""orch-v1.0"", ""context_source"": ""fresh"", ""context_token_count"": 2048, ""event_replay_from_position"": 0}","{""correlation_id"": ""corr-e49a89ec-5127-48c0-a88a-d6c675baf3cb"", ""schema_version"": 1}","2026-03-30 12:21:16.97165+03"
"71aaa8d0-2bac-4267-8224-e1a9bedb10ba","loan-APEX-COMMERCIAL-017","7","300","DecisionGenerated",2,"{""generated_at"": ""2026-03-30 09:21:16.990036+00:00"", ""application_id"": ""APEX-COMMERCIAL-017"", ""model_versions"": {""credit"": ""credit-v2.1"", ""orchestrator"": ""orch-v1.0""}, ""recommendation"": ""DECLINE"", ""confidence_score"": 0.86, ""orchestrator_agent_id"": ""agent-orch-0017"", ""decision_basis_summary"": ""Synthetic bulk simulation for dashboard."", ""contributing_agent_sessions"": [""agent-agent-credit-0017-sess-credit-0017""]}","{""correlation_id"": ""corr-d54ceefb-1deb-4940-95d5-e47832caaea3"", ""schema_version"": 2}","2026-03-30 12:21:16.991585+03"
"64f5a248-08d7-44c1-a019-fb729a77369e","loan-APEX-COMMERCIAL-017","8","301","HumanReviewCompleted",1,"{""override"": false, ""reviewed_at"": ""2026-03-30 09:21:16.998209+00:00"", ""reviewer_id"": ""officer-0017"", ""application_id"": ""APEX-COMMERCIAL-017"", ""final_decision"": ""DECLINE"", ""override_reason"": null}","{""correlation_id"": ""corr-b420ac6e-65c6-4658-af2c-7396f02eb14b"", ""schema_version"": 1}","2026-03-30 12:21:17.000291+03"
"32219c52-0740-49a2-8225-bf81170a976a","loan-APEX-COMMERCIAL-017","9","302","ApplicationDeclined",1,"{""declined_at"": ""2026-03-30 09:21:16.998248+00:00"", ""declined_by"": ""officer-0017"", ""application_id"": ""APEX-COMMERCIAL-017"", ""decline_reasons"": [""Human review decision: decline""], ""adverse_action_notice_required"": true}","{""correlation_id"": ""corr-b420ac6e-65c6-4658-af2c-7396f02eb14b"", ""schema_version"": 1}","2026-03-30 12:21:17.001386+03"
"368f5f85-ac78-4381-b916-3308d0ea657e","agent-agent-credit-0018-sess-credit-0018","1","303","AgentContextLoaded",1,"{""agent_id"": ""agent-credit-0018"", ""loaded_at"": ""2026-03-30 09:21:17.013613+00:00"", ""session_id"": ""sess-credit-0018"", ""model_version"": ""credit-v2.1"", ""context_source"": ""fresh"", ""context_token_count"": 4096, ""event_replay_from_position"": 0}","{""correlation_id"": ""corr-dffedd7f-9266-4b1f-a2dc-3753e2000a2a"", ""schema_version"": 1}","2026-03-30 12:21:17.014226+03"
"13a79199-9c86-458c-a206-e945012175e4","loan-APEX-COMMERCIAL-018","1","304","ApplicationSubmitted",1,"{""applicant_id"": ""borrower-0018"", ""loan_purpose"": ""Working capital"", ""submitted_at"": ""2026-03-30 09:21:17.016504+00:00"", ""application_id"": ""APEX-COMMERCIAL-018"", ""submission_channel"": ""broker"", ""requested_amount_usd"": ""1832898.0""}","{""correlation_id"": ""corr-cc7a35e2-74a4-4e6f-84ee-820543cfc5b8"", ""schema_version"": 1}","2026-03-30 12:21:17.017413+03"
"c77196a7-4e7b-4fc6-a27b-0c9f06112b1d","loan-APEX-COMMERCIAL-018","2","305","CreditAnalysisRequested",1,"{""priority"": ""HIGH"", ""requested_at"": ""2026-03-30 09:21:17.020767+00:00"", ""application_id"": ""APEX-COMMERCIAL-018"", ""assigned_agent_id"": ""agent-credit-0018""}","{""correlation_id"": ""corr-cacccc1e-9895-49a0-8085-fb0e0305cde9"", ""schema_version"": 1}","2026-03-30 12:21:17.021475+03"
"009d6331-c08f-40d0-8a8c-549525c430c7","agent-agent-credit-0018-sess-credit-0018","2","306","CreditAnalysisCompleted",2,"{""agent_id"": ""agent-credit-0018"", ""risk_tier"": ""HIGH"", ""session_id"": ""sess-credit-0018"", ""completed_at"": ""2026-03-30 09:21:17.025979+00:00"", ""model_version"": ""credit-v2.1"", ""application_id"": ""APEX-COMMERCIAL-018"", ""input_data_hash"": ""b151b7b30b92eb59694b7c026705dd99485c617805b1667e1e5320edc4d684e8"", ""confidence_score"": 0.85, ""regulatory_basis"": ""REG-2026-Q1"", ""analysis_duration_ms"": 1129, ""recommended_limit_usd"": ""1627520.0""}","{""causation_id"": ""corr-eeb34885-8213-4e45-9b05-35f7359561c0"", ""correlation_id"": ""corr-eeb34885-8213-4e45-9b05-35f7359561c0"", ""schema_version"": 2}","2026-03-30 12:21:17.027353+03"
"755d7bd6-27d2-47b6-b9b2-f6a92315e88e","loan-APEX-COMMERCIAL-018","3","307","CreditAnalysisCompleted",2,"{""agent_id"": ""agent-credit-0018"", ""risk_tier"": ""HIGH"", ""session_id"": ""sess-credit-0018"", ""completed_at"": ""2026-03-30 09:21:17.025979+00:00"", ""model_version"": ""credit-v2.1"", ""application_id"": ""APEX-COMMERCIAL-018"", ""input_data_hash"": ""b151b7b30b92eb59694b7c026705dd99485c617805b1667e1e5320edc4d684e8"", ""confidence_score"": 0.85, ""regulatory_basis"": ""REG-2026-Q1"", ""analysis_duration_ms"": 1129, ""recommended_limit_usd"": ""1627520.0""}","{""causation_id"": ""corr-eeb34885-8213-4e45-9b05-35f7359561c0"", ""correlation_id"": ""corr-eeb34885-8213-4e45-9b05-35f7359561c0"", ""schema_version"": 2}","2026-03-30 12:21:17.028996+03"
"ea683986-466f-47cd-9817-df065dd79ad1","agent-agent-credit-0018-sess-credit-0018","3","308","FraudScreeningCompleted",1,"{""agent_id"": ""agent-credit-0018"", ""fraud_score"": 0.782, ""screened_at"": ""2026-03-30 09:21:17.031726+00:00"", ""anomaly_flags"": [""velocity_spike""], ""application_id"": ""APEX-COMMERCIAL-018"", ""input_data_hash"": ""7d27a901dc828a50e14892298da6891514f9a656b90fb1b542c17dce3cfa4682"", ""screening_model_version"": ""fraud-v3.1""}","{""correlation_id"": ""corr-e6edbbf7-cbcd-42c4-81c6-69161275e110"", ""schema_version"": 1}","2026-03-30 12:21:17.032334+03"
"146ba42a-4d79-436c-aaf7-24969d011585","loan-APEX-COMMERCIAL-018","4","309","FraudScreeningCompleted",1,"{""agent_id"": ""agent-credit-0018"", ""fraud_score"": 0.782, ""screened_at"": ""2026-03-30 09:21:17.031726+00:00"", ""anomaly_flags"": [""velocity_spike""], ""application_id"": ""APEX-COMMERCIAL-018"", ""input_data_hash"": ""7d27a901dc828a50e14892298da6891514f9a656b90fb1b542c17dce3cfa4682"", ""screening_model_version"": ""fraud-v3.1""}","{""correlation_id"": ""corr-e6edbbf7-cbcd-42c4-81c6-69161275e110"", ""schema_version"": 1}","2026-03-30 12:21:17.035714+03"
"54f754d0-cab0-465c-bfc1-93a0b4714eff","compliance-APEX-COMMERCIAL-018","1","310","ComplianceCheckRequested",1,"{""requested_at"": ""2026-03-30 09:21:17.038457+00:00"", ""application_id"": ""APEX-COMMERCIAL-018"", ""checks_required"": [""AML-001"", ""KYC-001"", ""SANCTIONS-001""], ""regulation_set_version"": ""REG-2026-Q1""}","{""correlation_id"": ""corr-8a07c7fe-6faf-4758-89a5-cb47ee6c2bfc"", ""schema_version"": 1}","2026-03-30 12:21:17.039218+03"
"7b133c53-755d-4cb4-b442-ce6895a73580","loan-APEX-COMMERCIAL-018","5","311","ComplianceCheckRequested",1,"{""requested_at"": ""2026-03-30 09:21:17.038457+00:00"", ""application_id"": ""APEX-COMMERCIAL-018"", ""checks_required"": [""AML-001"", ""KYC-001"", ""SANCTIONS-001""], ""regulation_set_version"": ""REG-2026-Q1""}","{""correlation_id"": ""corr-8a07c7fe-6faf-4758-89a5-cb47ee6c2bfc"", ""schema_version"": 1}","2026-03-30 12:21:17.043579+03"
"f836189f-ee2d-4471-9e25-631d064af4e3","compliance-APEX-COMMERCIAL-018","2","312","ComplianceRulePassed",1,"{""rule_id"": ""AML-001"", ""rule_version"": ""v2.1"", ""evidence_hash"": ""2a1d303eba97bce4aeab10fdf0e07aaa8ec6fb52aae7b41c87a0433d516dc4cf"", ""application_id"": ""APEX-COMMERCIAL-018"", ""evaluation_timestamp"": ""2026-03-30 09:21:17.045801+00:00""}","{""correlation_id"": ""corr-65904343-f987-44b1-a494-069d455e3dd0"", ""schema_version"": 1}","2026-03-30 12:21:17.046203+03"
"1b4d68d0-c04b-46cb-b69e-7614c7bc7917","compliance-APEX-COMMERCIAL-018","3","313","ComplianceRulePassed",1,"{""rule_id"": ""KYC-001"", ""rule_version"": ""v1.8"", ""evidence_hash"": ""b85f07ff8461cb9245f93a4a332341d5366a9d10d36b76cd1e7640473feb46f6"", ""application_id"": ""APEX-COMMERCIAL-018"", ""evaluation_timestamp"": ""2026-03-30 09:21:17.048516+00:00""}","{""correlation_id"": ""corr-913f8033-2b76-4a5e-80b2-5bf5826648a0"", ""schema_version"": 1}","2026-03-30 12:21:17.048887+03"
"15587872-9069-4659-a62f-34a8a72126b4","compliance-APEX-COMMERCIAL-018","4","314","ComplianceRulePassed",1,"{""rule_id"": ""SANCTIONS-001"", ""rule_version"": ""v3.0"", ""evidence_hash"": ""767be5ac90bc297b4c13c13d518d4bab547192c0010d7afdcc7001ce7bb4dbb9"", ""application_id"": ""APEX-COMMERCIAL-018"", ""evaluation_timestamp"": ""2026-03-30 09:21:17.052256+00:00""}","{""correlation_id"": ""corr-cc4fda9e-66eb-4df1-ade9-9517050b1262"", ""schema_version"": 1}","2026-03-30 12:21:17.053317+03"
"71c23d63-6c93-4d39-93f9-12465b937b67","compliance-APEX-COMMERCIAL-018","5","315","ComplianceClearanceIssued",1,"{""issued_at"": ""2026-03-30 09:21:17.055190+00:00"", ""checks_passed"": [""AML-001"", ""KYC-001"", ""SANCTIONS-001""], ""application_id"": ""APEX-COMMERCIAL-018"", ""issuing_agent_id"": ""agent-compliance-001"", ""regulation_set_version"": ""REG-2026-Q1""}","{""correlation_id"": ""corr-8db9184d-d4e1-4342-9d7b-ae3f474aad98"", ""schema_version"": 1}","2026-03-30 12:21:17.055589+03"
"9f5a458a-2727-4fd8-8477-364928e7925f","loan-APEX-COMMERCIAL-018","6","316","ComplianceClearanceIssued",1,"{""issued_at"": ""2026-03-30 09:21:17.055190+00:00"", ""checks_passed"": [""AML-001"", ""KYC-001"", ""SANCTIONS-001""], ""application_id"": ""APEX-COMMERCIAL-018"", ""issuing_agent_id"": ""agent-compliance-001"", ""regulation_set_version"": ""REG-2026-Q1""}","{""correlation_id"": ""corr-8db9184d-d4e1-4342-9d7b-ae3f474aad98"", ""schema_version"": 1}","2026-03-30 12:21:17.058324+03"
"32350ad2-920f-4cf1-a43c-c7eb4cc45b9d","agent-agent-orch-0018-sess-orch-0018","1","317","AgentContextLoaded",1,"{""agent_id"": ""agent-orch-0018"", ""loaded_at"": ""2026-03-30 09:21:17.059858+00:00"", ""session_id"": ""sess-orch-0018"", ""model_version"": ""orch-v1.0"", ""context_source"": ""fresh"", ""context_token_count"": 2048, ""event_replay_from_position"": 0}","{""correlation_id"": ""corr-65e9a114-171e-4857-9283-cf65b37a643d"", ""schema_version"": 1}","2026-03-30 12:21:17.060572+03"
"f9a41853-2f94-4138-8ff9-2225379e5f70","loan-APEX-COMMERCIAL-018","7","318","DecisionGenerated",2,"{""generated_at"": ""2026-03-30 09:21:17.068085+00:00"", ""application_id"": ""APEX-COMMERCIAL-018"", ""model_versions"": {""credit"": ""credit-v2.1"", ""orchestrator"": ""orch-v1.0""}, ""recommendation"": ""DECLINE"", ""confidence_score"": 0.85, ""orchestrator_agent_id"": ""agent-orch-0018"", ""decision_basis_summary"": ""Synthetic bulk simulation for dashboard."", ""contributing_agent_sessions"": [""agent-agent-credit-0018-sess-credit-0018""]}","{""correlation_id"": ""corr-dd9c85b2-139e-40d9-8f58-0cf38e430d85"", ""schema_version"": 2}","2026-03-30 12:21:17.069623+03"
"dcb42e2b-389d-4bb1-ab23-39b918be3c85","loan-APEX-COMMERCIAL-018","8","319","HumanReviewCompleted",1,"{""override"": false, ""reviewed_at"": ""2026-03-30 09:21:17.076049+00:00"", ""reviewer_id"": ""officer-0018"", ""application_id"": ""APEX-COMMERCIAL-018"", ""final_decision"": ""DECLINE"", ""override_reason"": null}","{""correlation_id"": ""corr-acfaaf68-2711-4b15-ae67-67832a96337f"", ""schema_version"": 1}","2026-03-30 12:21:17.077815+03"
"f6ba37f6-ecd2-462b-a5ff-834ba33fc28e","loan-APEX-COMMERCIAL-018","9","320","ApplicationDeclined",1,"{""declined_at"": ""2026-03-30 09:21:17.076077+00:00"", ""declined_by"": ""officer-0018"", ""application_id"": ""APEX-COMMERCIAL-018"", ""decline_reasons"": [""Human review decision: decline""], ""adverse_action_notice_required"": true}","{""correlation_id"": ""corr-acfaaf68-2711-4b15-ae67-67832a96337f"", ""schema_version"": 1}","2026-03-30 12:21:17.078104+03"
"09f9c467-8fc5-4254-9ba9-22c0d7dae13f","agent-agent-credit-0019-sess-credit-0019","1","321","AgentContextLoaded",1,"{""agent_id"": ""agent-credit-0019"", ""loaded_at"": ""2026-03-30 09:21:17.081181+00:00"", ""session_id"": ""sess-credit-0019"", ""model_version"": ""credit-v2.1"", ""context_source"": ""fresh"", ""context_token_count"": 4096, ""event_replay_from_position"": 0}","{""correlation_id"": ""corr-ae60831c-6cdb-43ad-a2b8-aaf76f918f5b"", ""schema_version"": 1}","2026-03-30 12:21:17.081987+03"
"153dd8f3-9538-475d-bdbb-68c826a57085","loan-APEX-COMMERCIAL-019","1","322","ApplicationSubmitted",1,"{""applicant_id"": ""borrower-0019"", ""loan_purpose"": ""Working capital"", ""submitted_at"": ""2026-03-30 09:21:17.085039+00:00"", ""application_id"": ""APEX-COMMERCIAL-019"", ""submission_channel"": ""broker"", ""requested_amount_usd"": ""1944129.0""}","{""correlation_id"": ""corr-f49c6990-848a-4be5-b0e0-19876ae6e4cd"", ""schema_version"": 1}","2026-03-30 12:21:17.08583+03"
"5e63cf78-a109-4db0-938e-d17da71b1df0","loan-APEX-COMMERCIAL-019","2","323","CreditAnalysisRequested",1,"{""priority"": ""HIGH"", ""requested_at"": ""2026-03-30 09:21:17.090091+00:00"", ""application_id"": ""APEX-COMMERCIAL-019"", ""assigned_agent_id"": ""agent-credit-0019""}","{""correlation_id"": ""corr-220f7b51-f1d5-41b8-b6ec-587f790b2e8b"", ""schema_version"": 1}","2026-03-30 12:21:17.091082+03"
"b9361897-0422-4abf-a032-28f88d6f3ea9","agent-agent-credit-0019-sess-credit-0019","2","324","CreditAnalysisCompleted",2,"{""agent_id"": ""agent-credit-0019"", ""risk_tier"": ""HIGH"", ""session_id"": ""sess-credit-0019"", ""completed_at"": ""2026-03-30 09:21:17.094044+00:00"", ""model_version"": ""credit-v2.1"", ""application_id"": ""APEX-COMMERCIAL-019"", ""input_data_hash"": ""b96c1a9c76f3d422157523dc89f679428f5212ca60e39a9d7caf734c643000a7"", ""confidence_score"": 0.75, ""regulatory_basis"": ""REG-2026-Q1"", ""analysis_duration_ms"": 1061, ""recommended_limit_usd"": ""1753845.92""}","{""causation_id"": ""corr-3a03b7a5-bfdd-4758-9086-a00c45a0ae70"", ""correlation_id"": ""corr-3a03b7a5-bfdd-4758-9086-a00c45a0ae70"", ""schema_version"": 2}","2026-03-30 12:21:17.094879+03"
"e544bd1f-b78c-4945-9581-3b9308e3dc72","loan-APEX-COMMERCIAL-019","3","325","CreditAnalysisCompleted",2,"{""agent_id"": ""agent-credit-0019"", ""risk_tier"": ""HIGH"", ""session_id"": ""sess-credit-0019"", ""completed_at"": ""2026-03-30 09:21:17.094044+00:00"", ""model_version"": ""credit-v2.1"", ""application_id"": ""APEX-COMMERCIAL-019"", ""input_data_hash"": ""b96c1a9c76f3d422157523dc89f679428f5212ca60e39a9d7caf734c643000a7"", ""confidence_score"": 0.75, ""regulatory_basis"": ""REG-2026-Q1"", ""analysis_duration_ms"": 1061, ""recommended_limit_usd"": ""1753845.92""}","{""causation_id"": ""corr-3a03b7a5-bfdd-4758-9086-a00c45a0ae70"", ""correlation_id"": ""corr-3a03b7a5-bfdd-4758-9086-a00c45a0ae70"", ""schema_version"": 2}","2026-03-30 12:21:17.0972+03"
"9d109b36-2442-4125-b4f9-8e8197c8fa44","agent-agent-credit-0019-sess-credit-0019","3","326","FraudScreeningCompleted",1,"{""agent_id"": ""agent-credit-0019"", ""fraud_score"": 0.211, ""screened_at"": ""2026-03-30 09:21:17.107889+00:00"", ""anomaly_flags"": [], ""application_id"": ""APEX-COMMERCIAL-019"", ""input_data_hash"": ""76c5c729f54e3b83d5718f7b1e9309ae8326fe51f00dd013781dfb8f800397ab"", ""screening_model_version"": ""fraud-v3.1""}","{""correlation_id"": ""corr-797cdc50-5dd5-4ffd-b071-576109728e0b"", ""schema_version"": 1}","2026-03-30 12:21:17.108586+03"
"45ffb54c-8e84-43c3-bbd5-d73c63545d57","loan-APEX-COMMERCIAL-019","4","327","FraudScreeningCompleted",1,"{""agent_id"": ""agent-credit-0019"", ""fraud_score"": 0.211, ""screened_at"": ""2026-03-30 09:21:17.107889+00:00"", ""anomaly_flags"": [], ""application_id"": ""APEX-COMMERCIAL-019"", ""input_data_hash"": ""76c5c729f54e3b83d5718f7b1e9309ae8326fe51f00dd013781dfb8f800397ab"", ""screening_model_version"": ""fraud-v3.1""}","{""correlation_id"": ""corr-797cdc50-5dd5-4ffd-b071-576109728e0b"", ""schema_version"": 1}","2026-03-30 12:21:17.111095+03"
"aab751d2-6228-4939-89f2-29765cd137fa","compliance-APEX-COMMERCIAL-019","1","328","ComplianceCheckRequested",1,"{""requested_at"": ""2026-03-30 09:21:17.113869+00:00"", ""application_id"": ""APEX-COMMERCIAL-019"", ""checks_required"": [""AML-001"", ""KYC-001"", ""SANCTIONS-001""], ""regulation_set_version"": ""REG-2026-Q1""}","{""correlation_id"": ""corr-b6f3055b-a21d-40aa-8b67-69407b34464a"", ""schema_version"": 1}","2026-03-30 12:21:17.114463+03"
"39d8ef43-92f6-4f83-b041-82ade240fae5","loan-APEX-COMMERCIAL-019","5","329","ComplianceCheckRequested",1,"{""requested_at"": ""2026-03-30 09:21:17.113869+00:00"", ""application_id"": ""APEX-COMMERCIAL-019"", ""checks_required"": [""AML-001"", ""KYC-001"", ""SANCTIONS-001""], ""regulation_set_version"": ""REG-2026-Q1""}","{""correlation_id"": ""corr-b6f3055b-a21d-40aa-8b67-69407b34464a"", ""schema_version"": 1}","2026-03-30 12:21:17.117197+03"
"a15e130b-a7b0-4a5f-b9bb-ba3a72896f85","compliance-APEX-COMMERCIAL-019","2","330","ComplianceRulePassed",1,"{""rule_id"": ""AML-001"", ""rule_version"": ""v2.1"", ""evidence_hash"": ""2a1d303eba97bce4aeab10fdf0e07aaa8ec6fb52aae7b41c87a0433d516dc4cf"", ""application_id"": ""APEX-COMMERCIAL-019"", ""evaluation_timestamp"": ""2026-03-30 09:21:17.120771+00:00""}","{""correlation_id"": ""corr-9cae78ed-706f-4522-9675-f821e7c37725"", ""schema_version"": 1}","2026-03-30 12:21:17.121799+03"
"a6b727cb-21d3-407f-8712-5e075482e72f","compliance-APEX-COMMERCIAL-019","3","331","ComplianceRulePassed",1,"{""rule_id"": ""KYC-001"", ""rule_version"": ""v1.8"", ""evidence_hash"": ""b85f07ff8461cb9245f93a4a332341d5366a9d10d36b76cd1e7640473feb46f6"", ""application_id"": ""APEX-COMMERCIAL-019"", ""evaluation_timestamp"": ""2026-03-30 09:21:17.124743+00:00""}","{""correlation_id"": ""corr-1db10f07-a94a-4d56-8b58-9b5356e198d2"", ""schema_version"": 1}","2026-03-30 12:21:17.125145+03"
"e849f245-ced7-407d-b49a-2ec5659512ec","compliance-APEX-COMMERCIAL-019","4","332","ComplianceRulePassed",1,"{""rule_id"": ""SANCTIONS-001"", ""rule_version"": ""v3.0"", ""evidence_hash"": ""767be5ac90bc297b4c13c13d518d4bab547192c0010d7afdcc7001ce7bb4dbb9"", ""application_id"": ""APEX-COMMERCIAL-019"", ""evaluation_timestamp"": ""2026-03-30 09:21:17.126660+00:00""}","{""correlation_id"": ""corr-6a0e0bdd-46a6-4a10-b81f-a1713110edce"", ""schema_version"": 1}","2026-03-30 12:21:17.127017+03"
"826acff3-80f6-4a5c-9810-380696fd8f4a","compliance-APEX-COMMERCIAL-019","5","333","ComplianceClearanceIssued",1,"{""issued_at"": ""2026-03-30 09:21:17.128462+00:00"", ""checks_passed"": [""AML-001"", ""KYC-001"", ""SANCTIONS-001""], ""application_id"": ""APEX-COMMERCIAL-019"", ""issuing_agent_id"": ""agent-compliance-001"", ""regulation_set_version"": ""REG-2026-Q1""}","{""correlation_id"": ""corr-1889db1e-9d8f-4829-a099-6aff81ccda65"", ""schema_version"": 1}","2026-03-30 12:21:17.129006+03"
"d33f07c5-b09b-4748-a7b4-1552e3b24b9b","loan-APEX-COMMERCIAL-019","6","334","ComplianceClearanceIssued",1,"{""issued_at"": ""2026-03-30 09:21:17.128462+00:00"", ""checks_passed"": [""AML-001"", ""KYC-001"", ""SANCTIONS-001""], ""application_id"": ""APEX-COMMERCIAL-019"", ""issuing_agent_id"": ""agent-compliance-001"", ""regulation_set_version"": ""REG-2026-Q1""}","{""correlation_id"": ""corr-1889db1e-9d8f-4829-a099-6aff81ccda65"", ""schema_version"": 1}","2026-03-30 12:21:17.131907+03"
"14a07841-b459-4d0d-a88b-d8703d96442a","agent-agent-orch-0019-sess-orch-0019","1","335","AgentContextLoaded",1,"{""agent_id"": ""agent-orch-0019"", ""loaded_at"": ""2026-03-30 09:21:17.134535+00:00"", ""session_id"": ""sess-orch-0019"", ""model_version"": ""orch-v1.0"", ""context_source"": ""fresh"", ""context_token_count"": 2048, ""event_replay_from_position"": 0}","{""correlation_id"": ""corr-132462ee-f99e-4404-aba9-ab437d2a708e"", ""schema_version"": 1}","2026-03-30 12:21:17.136646+03"
"1df96d18-4aad-40bb-aaf5-0043c4023e24","loan-APEX-COMMERCIAL-019","7","336","DecisionGenerated",2,"{""generated_at"": ""2026-03-30 09:21:17.142099+00:00"", ""application_id"": ""APEX-COMMERCIAL-019"", ""model_versions"": {""credit"": ""credit-v2.1"", ""orchestrator"": ""orch-v1.0""}, ""recommendation"": ""DECLINE"", ""confidence_score"": 0.75, ""orchestrator_agent_id"": ""agent-orch-0019"", ""decision_basis_summary"": ""Synthetic bulk simulation for dashboard."", ""contributing_agent_sessions"": [""agent-agent-credit-0019-sess-credit-0019""]}","{""correlation_id"": ""corr-6cd63dad-1c6e-4d1c-aabe-4db835823d40"", ""schema_version"": 2}","2026-03-30 12:21:17.142562+03"
"9cc20687-3361-482e-a86a-89b9f1fc42c7","agent-agent-credit-0020-sess-credit-0020","1","337","AgentContextLoaded",1,"{""agent_id"": ""agent-credit-0020"", ""loaded_at"": ""2026-03-30 09:21:17.144328+00:00"", ""session_id"": ""sess-credit-0020"", ""model_version"": ""credit-v2.1"", ""context_source"": ""fresh"", ""context_token_count"": 4096, ""event_replay_from_position"": 0}","{""correlation_id"": ""corr-c4b05a71-f242-4625-856f-835f6a4e3248"", ""schema_version"": 1}","2026-03-30 12:21:17.144978+03"
"031cba8c-4775-451f-8278-ca6c1be0f86e","loan-APEX-COMMERCIAL-020","1","338","ApplicationSubmitted",1,"{""applicant_id"": ""borrower-0020"", ""loan_purpose"": ""Working capital"", ""submitted_at"": ""2026-03-30 09:21:17.147202+00:00"", ""application_id"": ""APEX-COMMERCIAL-020"", ""submission_channel"": ""broker"", ""requested_amount_usd"": ""1219195.0""}","{""correlation_id"": ""corr-3341ab3a-040d-4e89-95ec-99294da48da6"", ""schema_version"": 1}","2026-03-30 12:21:17.14785+03"
"6399d593-0b72-40ce-b8b2-912063e3c535","loan-APEX-COMMERCIAL-020","2","339","CreditAnalysisRequested",1,"{""priority"": ""HIGH"", ""requested_at"": ""2026-03-30 09:21:17.149822+00:00"", ""application_id"": ""APEX-COMMERCIAL-020"", ""assigned_agent_id"": ""agent-credit-0020""}","{""correlation_id"": ""corr-341ccd8a-d4ca-4e61-a5f4-b17063483475"", ""schema_version"": 1}","2026-03-30 12:21:17.150545+03"
"3a9bc4b4-bb43-44a3-b2a7-adf8fd9adf2d","agent-agent-credit-0020-sess-credit-0020","2","340","CreditAnalysisCompleted",2,"{""agent_id"": ""agent-credit-0020"", ""risk_tier"": ""HIGH"", ""session_id"": ""sess-credit-0020"", ""completed_at"": ""2026-03-30 09:21:17.155465+00:00"", ""model_version"": ""credit-v2.1"", ""application_id"": ""APEX-COMMERCIAL-020"", ""input_data_hash"": ""2161d63d3b51012a3b8b79cd303a5325eb0af2f0fdb1f565e7f7a00229c86965"", ""confidence_score"": 0.83, ""regulatory_basis"": ""REG-2026-Q1"", ""analysis_duration_ms"": 2251, ""recommended_limit_usd"": ""1002954.79""}","{""causation_id"": ""corr-1a11229b-4bcc-4a8b-92ad-658ba824a364"", ""correlation_id"": ""corr-1a11229b-4bcc-4a8b-92ad-658ba824a364"", ""schema_version"": 2}","2026-03-30 12:21:17.156267+03"
"e84a20cd-9a2e-44de-92f5-4364970cd80b","loan-APEX-COMMERCIAL-020","3","341","CreditAnalysisCompleted",2,"{""agent_id"": ""agent-credit-0020"", ""risk_tier"": ""HIGH"", ""session_id"": ""sess-credit-0020"", ""completed_at"": ""2026-03-30 09:21:17.155465+00:00"", ""model_version"": ""credit-v2.1"", ""application_id"": ""APEX-COMMERCIAL-020"", ""input_data_hash"": ""2161d63d3b51012a3b8b79cd303a5325eb0af2f0fdb1f565e7f7a00229c86965"", ""confidence_score"": 0.83, ""regulatory_basis"": ""REG-2026-Q1"", ""analysis_duration_ms"": 2251, ""recommended_limit_usd"": ""1002954.79""}","{""causation_id"": ""corr-1a11229b-4bcc-4a8b-92ad-658ba824a364"", ""correlation_id"": ""corr-1a11229b-4bcc-4a8b-92ad-658ba824a364"", ""schema_version"": 2}","2026-03-30 12:21:17.159315+03"
"01890250-5351-46b1-9bda-7a7b9fc4aff6","agent-agent-credit-0020-sess-credit-0020","3","342","FraudScreeningCompleted",1,"{""agent_id"": ""agent-credit-0020"", ""fraud_score"": 0.832, ""screened_at"": ""2026-03-30 09:21:17.162197+00:00"", ""anomaly_flags"": [""velocity_spike""], ""application_id"": ""APEX-COMMERCIAL-020"", ""input_data_hash"": ""2af1e4c2647a6348db52f875db9a88e1674aa4e78044d25768e5a31d99f93ef2"", ""screening_model_version"": ""fraud-v3.1""}","{""correlation_id"": ""corr-c48200a1-89eb-4120-9b83-98e6c19b1819"", ""schema_version"": 1}","2026-03-30 12:21:17.162733+03"
"f36bf25b-25e5-4a54-9dc7-6d2c6f39157a","loan-APEX-COMMERCIAL-020","4","343","FraudScreeningCompleted",1,"{""agent_id"": ""agent-credit-0020"", ""fraud_score"": 0.832, ""screened_at"": ""2026-03-30 09:21:17.162197+00:00"", ""anomaly_flags"": [""velocity_spike""], ""application_id"": ""APEX-COMMERCIAL-020"", ""input_data_hash"": ""2af1e4c2647a6348db52f875db9a88e1674aa4e78044d25768e5a31d99f93ef2"", ""screening_model_version"": ""fraud-v3.1""}","{""correlation_id"": ""corr-c48200a1-89eb-4120-9b83-98e6c19b1819"", ""schema_version"": 1}","2026-03-30 12:21:17.165358+03"
"db8e4942-aaeb-4884-b0f1-f20f5cd4a97e","compliance-APEX-COMMERCIAL-020","1","344","ComplianceCheckRequested",1,"{""requested_at"": ""2026-03-30 09:21:17.168410+00:00"", ""application_id"": ""APEX-COMMERCIAL-020"", ""checks_required"": [""AML-001"", ""KYC-001"", ""SANCTIONS-001""], ""regulation_set_version"": ""REG-2026-Q1""}","{""correlation_id"": ""corr-f503b17e-7d0d-416a-b4ee-6028f22debbc"", ""schema_version"": 1}","2026-03-30 12:21:17.170157+03"
"f696372b-3e14-4e58-ab39-7a10a831f14e","loan-APEX-COMMERCIAL-020","5","345","ComplianceCheckRequested",1,"{""requested_at"": ""2026-03-30 09:21:17.168410+00:00"", ""application_id"": ""APEX-COMMERCIAL-020"", ""checks_required"": [""AML-001"", ""KYC-001"", ""SANCTIONS-001""], ""regulation_set_version"": ""REG-2026-Q1""}","{""correlation_id"": ""corr-f503b17e-7d0d-416a-b4ee-6028f22debbc"", ""schema_version"": 1}","2026-03-30 12:21:17.173135+03"
"721e5437-c221-4a02-a6fd-fbcd2a7c0956","compliance-APEX-COMMERCIAL-020","2","346","ComplianceRulePassed",1,"{""rule_id"": ""AML-001"", ""rule_version"": ""v2.1"", ""evidence_hash"": ""2a1d303eba97bce4aeab10fdf0e07aaa8ec6fb52aae7b41c87a0433d516dc4cf"", ""application_id"": ""APEX-COMMERCIAL-020"", ""evaluation_timestamp"": ""2026-03-30 09:21:17.177745+00:00""}","{""correlation_id"": ""corr-f70ebdeb-9423-4535-a11b-debfc0647812"", ""schema_version"": 1}","2026-03-30 12:21:17.178212+03"
"2a134c3b-aa61-4d91-8cc6-ce38df812ba0","compliance-APEX-COMMERCIAL-020","3","347","ComplianceRulePassed",1,"{""rule_id"": ""KYC-001"", ""rule_version"": ""v1.8"", ""evidence_hash"": ""b85f07ff8461cb9245f93a4a332341d5366a9d10d36b76cd1e7640473feb46f6"", ""application_id"": ""APEX-COMMERCIAL-020"", ""evaluation_timestamp"": ""2026-03-30 09:21:17.180195+00:00""}","{""correlation_id"": ""corr-1dd69be2-5563-471b-ba10-9e50f7ea956a"", ""schema_version"": 1}","2026-03-30 12:21:17.181216+03"
"73853552-01a3-4f0d-9152-c9b532f9b351","compliance-APEX-COMMERCIAL-020","4","348","ComplianceRulePassed",1,"{""rule_id"": ""SANCTIONS-001"", ""rule_version"": ""v3.0"", ""evidence_hash"": ""767be5ac90bc297b4c13c13d518d4bab547192c0010d7afdcc7001ce7bb4dbb9"", ""application_id"": ""APEX-COMMERCIAL-020"", ""evaluation_timestamp"": ""2026-03-30 09:21:17.185459+00:00""}","{""correlation_id"": ""corr-2fc02174-2c95-48bc-ad0b-24d023869971"", ""schema_version"": 1}","2026-03-30 12:21:17.186225+03"
"f70fe4d0-c8d7-45c0-9e28-e9c4dabb6f76","compliance-APEX-COMMERCIAL-020","5","349","ComplianceClearanceIssued",1,"{""issued_at"": ""2026-03-30 09:21:17.191884+00:00"", ""checks_passed"": [""AML-001"", ""KYC-001"", ""SANCTIONS-001""], ""application_id"": ""APEX-COMMERCIAL-020"", ""issuing_agent_id"": ""agent-compliance-001"", ""regulation_set_version"": ""REG-2026-Q1""}","{""correlation_id"": ""corr-6e7dc78f-1ed3-444a-8f96-b6b04724a346"", ""schema_version"": 1}","2026-03-30 12:21:17.193031+03"
"3388324e-b3d6-43c2-b4a8-4be2f9e10fff","loan-APEX-COMMERCIAL-020","6","350","ComplianceClearanceIssued",1,"{""issued_at"": ""2026-03-30 09:21:17.191884+00:00"", ""checks_passed"": [""AML-001"", ""KYC-001"", ""SANCTIONS-001""], ""application_id"": ""APEX-COMMERCIAL-020"", ""issuing_agent_id"": ""agent-compliance-001"", ""regulation_set_version"": ""REG-2026-Q1""}","{""correlation_id"": ""corr-6e7dc78f-1ed3-444a-8f96-b6b04724a346"", ""schema_version"": 1}","2026-03-30 12:21:17.195975+03"
"e6872822-1656-4ea6-aaae-f5e3af6a5352","agent-agent-orch-0020-sess-orch-0020","1","351","AgentContextLoaded",1,"{""agent_id"": ""agent-orch-0020"", ""loaded_at"": ""2026-03-30 09:21:17.197479+00:00"", ""session_id"": ""sess-orch-0020"", ""model_version"": ""orch-v1.0"", ""context_source"": ""fresh"", ""context_token_count"": 2048, ""event_replay_from_position"": 0}","{""correlation_id"": ""corr-7452d864-4559-4b46-865c-fad6cfc77a6d"", ""schema_version"": 1}","2026-03-30 12:21:17.198005+03"
"f1962485-aaa7-434e-b272-58a0927185a7","loan-APEX-COMMERCIAL-020","7","352","DecisionGenerated",2,"{""generated_at"": ""2026-03-30 09:21:17.207035+00:00"", ""application_id"": ""APEX-COMMERCIAL-020"", ""model_versions"": {""credit"": ""credit-v2.1"", ""orchestrator"": ""orch-v1.0""}, ""recommendation"": ""DECLINE"", ""confidence_score"": 0.83, ""orchestrator_agent_id"": ""agent-orch-0020"", ""decision_basis_summary"": ""Synthetic bulk simulation for dashboard."", ""contributing_agent_sessions"": [""agent-agent-credit-0020-sess-credit-0020""]}","{""correlation_id"": ""corr-b30ffe73-1060-4942-aff0-2ede38506832"", ""schema_version"": 2}","2026-03-30 12:21:17.209514+03"
"a9cdf456-2d8a-4135-ab88-9ec7ac43f350","loan-APEX-COMMERCIAL-020","8","353","HumanReviewCompleted",1,"{""override"": false, ""reviewed_at"": ""2026-03-30 09:21:17.212657+00:00"", ""reviewer_id"": ""officer-0020"", ""application_id"": ""APEX-COMMERCIAL-020"", ""final_decision"": ""DECLINE"", ""override_reason"": null}","{""correlation_id"": ""corr-e8714190-1661-40af-bbe5-92a09679df76"", ""schema_version"": 1}","2026-03-30 12:21:17.213233+03"
"49c55618-46a7-4bb8-a10b-16149f33c4a3","loan-APEX-COMMERCIAL-020","9","354","ApplicationDeclined",1,"{""declined_at"": ""2026-03-30 09:21:17.212672+00:00"", ""declined_by"": ""officer-0020"", ""application_id"": ""APEX-COMMERCIAL-020"", ""decline_reasons"": [""Human review decision: decline""], ""adverse_action_notice_required"": true}","{""correlation_id"": ""corr-e8714190-1661-40af-bbe5-92a09679df76"", ""schema_version"": 1}","2026-03-30 12:21:17.213621+03"
"437abdf0-904f-4e72-813d-74a225b31472","agent-agent-credit-0021-sess-credit-0021","1","355","AgentContextLoaded",1,"{""agent_id"": ""agent-credit-0021"", ""loaded_at"": ""2026-03-30 09:21:17.216122+00:00"", ""session_id"": ""sess-credit-0021"", ""model_version"": ""credit-v2.1"", ""context_source"": ""fresh"", ""context_token_count"": 4096, ""event_replay_from_position"": 0}","{""correlation_id"": ""corr-fbb04ff4-9a76-4662-bba2-f61805047e7f"", ""schema_version"": 1}","2026-03-30 12:21:17.216738+03"
"5b63d4b9-0bac-4752-80d1-9548df9873e8","loan-APEX-COMMERCIAL-021","1","356","ApplicationSubmitted",1,"{""applicant_id"": ""borrower-0021"", ""loan_purpose"": ""Working capital"", ""submitted_at"": ""2026-03-30 09:21:17.219070+00:00"", ""application_id"": ""APEX-COMMERCIAL-021"", ""submission_channel"": ""broker"", ""requested_amount_usd"": ""755864.0""}","{""correlation_id"": ""corr-df323f71-2cfe-4498-bfcc-35519c76e6d2"", ""schema_version"": 1}","2026-03-30 12:21:17.219632+03"
"f7691c7f-39af-412d-94d2-1c7d7d1a92c0","loan-APEX-COMMERCIAL-021","2","357","CreditAnalysisRequested",1,"{""priority"": ""HIGH"", ""requested_at"": ""2026-03-30 09:21:17.225165+00:00"", ""application_id"": ""APEX-COMMERCIAL-021"", ""assigned_agent_id"": ""agent-credit-0021""}","{""correlation_id"": ""corr-01c172ce-2de0-4ee7-8f46-8b4ddd680222"", ""schema_version"": 1}","2026-03-30 12:21:17.225941+03"
"86f174ad-4b55-40a5-95c7-13c411728e27","agent-agent-credit-0021-sess-credit-0021","2","358","CreditAnalysisCompleted",2,"{""agent_id"": ""agent-credit-0021"", ""risk_tier"": ""MEDIUM"", ""session_id"": ""sess-credit-0021"", ""completed_at"": ""2026-03-30 09:21:17.228456+00:00"", ""model_version"": ""credit-v2.1"", ""application_id"": ""APEX-COMMERCIAL-021"", ""input_data_hash"": ""193365b8ec5db744b1dfe161bd3bbc516aa9e64a9d204437195de796b768b4fc"", ""confidence_score"": 0.95, ""regulatory_basis"": ""REG-2026-Q1"", ""analysis_duration_ms"": 2446, ""recommended_limit_usd"": ""731075.01""}","{""causation_id"": ""corr-4d85468e-1898-4435-af49-25a7c910b2f9"", ""correlation_id"": ""corr-4d85468e-1898-4435-af49-25a7c910b2f9"", ""schema_version"": 2}","2026-03-30 12:21:17.228872+03"
"be4dc95d-bd6b-4ced-8bef-49db4f373d8b","loan-APEX-COMMERCIAL-021","3","359","CreditAnalysisCompleted",2,"{""agent_id"": ""agent-credit-0021"", ""risk_tier"": ""MEDIUM"", ""session_id"": ""sess-credit-0021"", ""completed_at"": ""2026-03-30 09:21:17.228456+00:00"", ""model_version"": ""credit-v2.1"", ""application_id"": ""APEX-COMMERCIAL-021"", ""input_data_hash"": ""193365b8ec5db744b1dfe161bd3bbc516aa9e64a9d204437195de796b768b4fc"", ""confidence_score"": 0.95, ""regulatory_basis"": ""REG-2026-Q1"", ""analysis_duration_ms"": 2446, ""recommended_limit_usd"": ""731075.01""}","{""causation_id"": ""corr-4d85468e-1898-4435-af49-25a7c910b2f9"", ""correlation_id"": ""corr-4d85468e-1898-4435-af49-25a7c910b2f9"", ""schema_version"": 2}","2026-03-30 12:21:17.230352+03"
"2ce687a3-3b98-4319-8497-9eb137e63a8e","agent-agent-credit-0021-sess-credit-0021","3","360","FraudScreeningCompleted",1,"{""agent_id"": ""agent-credit-0021"", ""fraud_score"": 0.52, ""screened_at"": ""2026-03-30 09:21:17.233466+00:00"", ""anomaly_flags"": [], ""application_id"": ""APEX-COMMERCIAL-021"", ""input_data_hash"": ""06b7b3b8b10ca861f2a857f703355d21855d84bbadec388fe1df39997c51de07"", ""screening_model_version"": ""fraud-v3.1""}","{""correlation_id"": ""corr-c93abf84-42b2-4ea8-9fc9-e9a378261179"", ""schema_version"": 1}","2026-03-30 12:21:17.234681+03"
"52e4975d-bd21-4bbb-a8d7-00c2fda005c3","loan-APEX-COMMERCIAL-021","4","361","FraudScreeningCompleted",1,"{""agent_id"": ""agent-credit-0021"", ""fraud_score"": 0.52, ""screened_at"": ""2026-03-30 09:21:17.233466+00:00"", ""anomaly_flags"": [], ""application_id"": ""APEX-COMMERCIAL-021"", ""input_data_hash"": ""06b7b3b8b10ca861f2a857f703355d21855d84bbadec388fe1df39997c51de07"", ""screening_model_version"": ""fraud-v3.1""}","{""correlation_id"": ""corr-c93abf84-42b2-4ea8-9fc9-e9a378261179"", ""schema_version"": 1}","2026-03-30 12:21:17.238408+03"
"822e774e-d50d-4b35-97dd-555aa6061168","compliance-APEX-COMMERCIAL-021","1","362","ComplianceCheckRequested",1,"{""requested_at"": ""2026-03-30 09:21:17.244823+00:00"", ""application_id"": ""APEX-COMMERCIAL-021"", ""checks_required"": [""AML-001"", ""KYC-001"", ""SANCTIONS-001""], ""regulation_set_version"": ""REG-2026-Q1""}","{""correlation_id"": ""corr-00a2e427-cbf3-41cd-af7e-6c6531329bfa"", ""schema_version"": 1}","2026-03-30 12:21:17.245381+03"
"1ceabf53-1e76-4f7d-b9d1-6352fe07bb5d","loan-APEX-COMMERCIAL-021","5","363","ComplianceCheckRequested",1,"{""requested_at"": ""2026-03-30 09:21:17.244823+00:00"", ""application_id"": ""APEX-COMMERCIAL-021"", ""checks_required"": [""AML-001"", ""KYC-001"", ""SANCTIONS-001""], ""regulation_set_version"": ""REG-2026-Q1""}","{""correlation_id"": ""corr-00a2e427-cbf3-41cd-af7e-6c6531329bfa"", ""schema_version"": 1}","2026-03-30 12:21:17.246874+03"
"0dfe2dd6-62ef-43a1-b017-e5ae0449b102","compliance-APEX-COMMERCIAL-021","2","364","ComplianceRulePassed",1,"{""rule_id"": ""AML-001"", ""rule_version"": ""v2.1"", ""evidence_hash"": ""2a1d303eba97bce4aeab10fdf0e07aaa8ec6fb52aae7b41c87a0433d516dc4cf"", ""application_id"": ""APEX-COMMERCIAL-021"", ""evaluation_timestamp"": ""2026-03-30 09:21:17.248282+00:00""}","{""correlation_id"": ""corr-27f144df-8a7e-4e43-8949-18c99fd68712"", ""schema_version"": 1}","2026-03-30 12:21:17.248631+03"
"6a0b0afe-c5a6-415b-806d-59c1eb028834","compliance-APEX-COMMERCIAL-021","3","365","ComplianceRulePassed",1,"{""rule_id"": ""KYC-001"", ""rule_version"": ""v1.8"", ""evidence_hash"": ""b85f07ff8461cb9245f93a4a332341d5366a9d10d36b76cd1e7640473feb46f6"", ""application_id"": ""APEX-COMMERCIAL-021"", ""evaluation_timestamp"": ""2026-03-30 09:21:17.250395+00:00""}","{""correlation_id"": ""corr-ab10bc56-029d-4f17-9c7d-268a9ab0bd3c"", ""schema_version"": 1}","2026-03-30 12:21:17.251498+03"
"a9bd3c55-493e-432e-8dd4-532840345f2d","compliance-APEX-COMMERCIAL-021","4","366","ComplianceRulePassed",1,"{""rule_id"": ""SANCTIONS-001"", ""rule_version"": ""v3.0"", ""evidence_hash"": ""767be5ac90bc297b4c13c13d518d4bab547192c0010d7afdcc7001ce7bb4dbb9"", ""application_id"": ""APEX-COMMERCIAL-021"", ""evaluation_timestamp"": ""2026-03-30 09:21:17.255513+00:00""}","{""correlation_id"": ""corr-b6597c94-c1cc-4558-b767-07ae1e7f1a1c"", ""schema_version"": 1}","2026-03-30 12:21:17.255963+03"
"df3cce99-e37c-4065-ac88-0ac2ec3ec32f","compliance-APEX-COMMERCIAL-021","5","367","ComplianceClearanceIssued",1,"{""issued_at"": ""2026-03-30 09:21:17.257615+00:00"", ""checks_passed"": [""AML-001"", ""KYC-001"", ""SANCTIONS-001""], ""application_id"": ""APEX-COMMERCIAL-021"", ""issuing_agent_id"": ""agent-compliance-001"", ""regulation_set_version"": ""REG-2026-Q1""}","{""correlation_id"": ""corr-561b53f5-1ae8-4ff7-86d6-67624c729259"", ""schema_version"": 1}","2026-03-30 12:21:17.257972+03"
"ae0afbfc-7579-44bc-bc13-605fde00f6bf","loan-APEX-COMMERCIAL-021","6","368","ComplianceClearanceIssued",1,"{""issued_at"": ""2026-03-30 09:21:17.257615+00:00"", ""checks_passed"": [""AML-001"", ""KYC-001"", ""SANCTIONS-001""], ""application_id"": ""APEX-COMMERCIAL-021"", ""issuing_agent_id"": ""agent-compliance-001"", ""regulation_set_version"": ""REG-2026-Q1""}","{""correlation_id"": ""corr-561b53f5-1ae8-4ff7-86d6-67624c729259"", ""schema_version"": 1}","2026-03-30 12:21:17.260486+03"
"22992eee-2de4-4c86-aaa3-71e54ecab74b","agent-agent-orch-0021-sess-orch-0021","1","369","AgentContextLoaded",1,"{""agent_id"": ""agent-orch-0021"", ""loaded_at"": ""2026-03-30 09:21:17.261701+00:00"", ""session_id"": ""sess-orch-0021"", ""model_version"": ""orch-v1.0"", ""context_source"": ""fresh"", ""context_token_count"": 2048, ""event_replay_from_position"": 0}","{""correlation_id"": ""corr-95dae0fe-eee9-49f5-ad5b-67c527392fe3"", ""schema_version"": 1}","2026-03-30 12:21:17.262135+03"
"8dc8fd33-53ea-4f12-bc99-38e32bfeb635","loan-APEX-COMMERCIAL-021","7","370","DecisionGenerated",2,"{""generated_at"": ""2026-03-30 09:21:17.265754+00:00"", ""application_id"": ""APEX-COMMERCIAL-021"", ""model_versions"": {""credit"": ""credit-v2.1"", ""orchestrator"": ""orch-v1.0""}, ""recommendation"": ""APPROVE"", ""confidence_score"": 0.95, ""orchestrator_agent_id"": ""agent-orch-0021"", ""decision_basis_summary"": ""Synthetic bulk simulation for dashboard."", ""contributing_agent_sessions"": [""agent-agent-credit-0021-sess-credit-0021""]}","{""correlation_id"": ""corr-d0200558-d32e-4dda-91be-d17741203b97"", ""schema_version"": 2}","2026-03-30 12:21:17.266166+03"
"df880684-5481-47a6-907a-bd9ab50d02b1","loan-APEX-COMMERCIAL-021","8","371","HumanReviewCompleted",1,"{""override"": false, ""reviewed_at"": ""2026-03-30 09:21:17.270059+00:00"", ""reviewer_id"": ""officer-0021"", ""application_id"": ""APEX-COMMERCIAL-021"", ""final_decision"": ""APPROVE"", ""override_reason"": null}","{""correlation_id"": ""corr-7f9e67cb-6110-4a01-a85c-b444ebe83c63"", ""schema_version"": 1}","2026-03-30 12:21:17.270793+03"
"9a9d82ae-aec6-4351-9371-2f8b78494a01","loan-APEX-COMMERCIAL-021","9","372","ApplicationApproved",1,"{""conditions"": [], ""approved_by"": ""officer-0021"", ""interest_rate"": 0.0, ""application_id"": ""APEX-COMMERCIAL-021"", ""effective_date"": ""2026-03-30 09:21:17.270075+00:00"", ""approved_amount_usd"": ""731075.01""}","{""correlation_id"": ""corr-7f9e67cb-6110-4a01-a85c-b444ebe83c63"", ""schema_version"": 1}","2026-03-30 12:21:17.271314+03"
"8ce7d3a4-a878-4f0e-a89d-f2455c9c6449","agent-agent-credit-0022-sess-credit-0022","1","373","AgentContextLoaded",1,"{""agent_id"": ""agent-credit-0022"", ""loaded_at"": ""2026-03-30 09:21:17.279349+00:00"", ""session_id"": ""sess-credit-0022"", ""model_version"": ""credit-v2.1"", ""context_source"": ""fresh"", ""context_token_count"": 4096, ""event_replay_from_position"": 0}","{""correlation_id"": ""corr-7a3cb801-ef98-415f-9199-cd270d4f05a6"", ""schema_version"": 1}","2026-03-30 12:21:17.279944+03"
"9b1c0b9c-939e-4fb9-8191-93273d6f7bf0","loan-APEX-COMMERCIAL-022","1","374","ApplicationSubmitted",1,"{""applicant_id"": ""borrower-0022"", ""loan_purpose"": ""Working capital"", ""submitted_at"": ""2026-03-30 09:21:17.282127+00:00"", ""application_id"": ""APEX-COMMERCIAL-022"", ""submission_channel"": ""broker"", ""requested_amount_usd"": ""853716.0""}","{""correlation_id"": ""corr-7d010d92-d2fe-41ec-9737-1825e3c2e4f9"", ""schema_version"": 1}","2026-03-30 12:21:17.282811+03"
"c1424d85-f297-40a1-8922-f165565337a4","loan-APEX-COMMERCIAL-022","2","375","CreditAnalysisRequested",1,"{""priority"": ""HIGH"", ""requested_at"": ""2026-03-30 09:21:17.286058+00:00"", ""application_id"": ""APEX-COMMERCIAL-022"", ""assigned_agent_id"": ""agent-credit-0022""}","{""correlation_id"": ""corr-c3076199-5255-461e-b6e8-5defa6697729"", ""schema_version"": 1}","2026-03-30 12:21:17.287794+03"
"df2cf68b-3c03-485d-bdbe-ae92dbd1dbec","agent-agent-credit-0022-sess-credit-0022","2","376","CreditAnalysisCompleted",2,"{""agent_id"": ""agent-credit-0022"", ""risk_tier"": ""MEDIUM"", ""session_id"": ""sess-credit-0022"", ""completed_at"": ""2026-03-30 09:21:17.293210+00:00"", ""model_version"": ""credit-v2.1"", ""application_id"": ""APEX-COMMERCIAL-022"", ""input_data_hash"": ""3e130db294c5200a682e24dc4910acd3db73d33ada74d7802d156f0f1c831ecb"", ""confidence_score"": 0.78, ""regulatory_basis"": ""REG-2026-Q1"", ""analysis_duration_ms"": 1824, ""recommended_limit_usd"": ""821215.49""}","{""causation_id"": ""corr-0a145c60-4de1-4828-932a-d9e4bdc30c92"", ""correlation_id"": ""corr-0a145c60-4de1-4828-932a-d9e4bdc30c92"", ""schema_version"": 2}","2026-03-30 12:21:17.293727+03"
"56d2bf1e-f193-48f6-b630-cb02b95c3331","loan-APEX-COMMERCIAL-022","3","377","CreditAnalysisCompleted",2,"{""agent_id"": ""agent-credit-0022"", ""risk_tier"": ""MEDIUM"", ""session_id"": ""sess-credit-0022"", ""completed_at"": ""2026-03-30 09:21:17.293210+00:00"", ""model_version"": ""credit-v2.1"", ""application_id"": ""APEX-COMMERCIAL-022"", ""input_data_hash"": ""3e130db294c5200a682e24dc4910acd3db73d33ada74d7802d156f0f1c831ecb"", ""confidence_score"": 0.78, ""regulatory_basis"": ""REG-2026-Q1"", ""analysis_duration_ms"": 1824, ""recommended_limit_usd"": ""821215.49""}","{""causation_id"": ""corr-0a145c60-4de1-4828-932a-d9e4bdc30c92"", ""correlation_id"": ""corr-0a145c60-4de1-4828-932a-d9e4bdc30c92"", ""schema_version"": 2}","2026-03-30 12:21:17.295459+03"
"866f9048-f68c-44ed-b1fb-ddeecfb0aabb","agent-agent-credit-0022-sess-credit-0022","3","378","FraudScreeningCompleted",1,"{""agent_id"": ""agent-credit-0022"", ""fraud_score"": 0.574, ""screened_at"": ""2026-03-30 09:21:17.297990+00:00"", ""anomaly_flags"": [], ""application_id"": ""APEX-COMMERCIAL-022"", ""input_data_hash"": ""2d03be99f94cfedaf2c2d1918bb76f28622abe9b86f18338746e92c7bb92150d"", ""screening_model_version"": ""fraud-v3.1""}","{""correlation_id"": ""corr-09fa761e-e566-4b05-a278-e599062942d8"", ""schema_version"": 1}","2026-03-30 12:21:17.298641+03"
"b956f77b-e88c-4b3d-9a22-c3ecb36b4b25","loan-APEX-COMMERCIAL-022","4","379","FraudScreeningCompleted",1,"{""agent_id"": ""agent-credit-0022"", ""fraud_score"": 0.574, ""screened_at"": ""2026-03-30 09:21:17.297990+00:00"", ""anomaly_flags"": [], ""application_id"": ""APEX-COMMERCIAL-022"", ""input_data_hash"": ""2d03be99f94cfedaf2c2d1918bb76f28622abe9b86f18338746e92c7bb92150d"", ""screening_model_version"": ""fraud-v3.1""}","{""correlation_id"": ""corr-09fa761e-e566-4b05-a278-e599062942d8"", ""schema_version"": 1}","2026-03-30 12:21:17.301606+03"
"8e00e1e2-54c8-44bc-9f7b-34767eb22d44","compliance-APEX-COMMERCIAL-022","1","380","ComplianceCheckRequested",1,"{""requested_at"": ""2026-03-30 09:21:17.304349+00:00"", ""application_id"": ""APEX-COMMERCIAL-022"", ""checks_required"": [""AML-001"", ""KYC-001"", ""SANCTIONS-001""], ""regulation_set_version"": ""REG-2026-Q1""}","{""correlation_id"": ""corr-0f5a7d2a-b2bf-4ffb-925d-9a02ed451103"", ""schema_version"": 1}","2026-03-30 12:21:17.304814+03"
"d6ce75cb-244b-4c9e-924b-63d46d86874c","loan-APEX-COMMERCIAL-022","5","381","ComplianceCheckRequested",1,"{""requested_at"": ""2026-03-30 09:21:17.304349+00:00"", ""application_id"": ""APEX-COMMERCIAL-022"", ""checks_required"": [""AML-001"", ""KYC-001"", ""SANCTIONS-001""], ""regulation_set_version"": ""REG-2026-Q1""}","{""correlation_id"": ""corr-0f5a7d2a-b2bf-4ffb-925d-9a02ed451103"", ""schema_version"": 1}","2026-03-30 12:21:17.310046+03"
"8e0b0662-4d5c-406e-8666-72cbe612daee","compliance-APEX-COMMERCIAL-022","2","382","ComplianceRulePassed",1,"{""rule_id"": ""AML-001"", ""rule_version"": ""v2.1"", ""evidence_hash"": ""2a1d303eba97bce4aeab10fdf0e07aaa8ec6fb52aae7b41c87a0433d516dc4cf"", ""application_id"": ""APEX-COMMERCIAL-022"", ""evaluation_timestamp"": ""2026-03-30 09:21:17.311909+00:00""}","{""correlation_id"": ""corr-ef3fbfba-cb3f-40f5-9cf6-cea9c22dd01d"", ""schema_version"": 1}","2026-03-30 12:21:17.31252+03"
"6b7f6d8b-289f-4ca8-941b-5b4ac9fbab6a","compliance-APEX-COMMERCIAL-022","3","383","ComplianceRulePassed",1,"{""rule_id"": ""KYC-001"", ""rule_version"": ""v1.8"", ""evidence_hash"": ""b85f07ff8461cb9245f93a4a332341d5366a9d10d36b76cd1e7640473feb46f6"", ""application_id"": ""APEX-COMMERCIAL-022"", ""evaluation_timestamp"": ""2026-03-30 09:21:17.314319+00:00""}","{""correlation_id"": ""corr-7589e846-c273-42b5-bc6f-0ca0cb493fb2"", ""schema_version"": 1}","2026-03-30 12:21:17.314726+03"
"6a470cfd-9ca0-4758-8896-6f0bf3182768","compliance-APEX-COMMERCIAL-022","4","384","ComplianceRulePassed",1,"{""rule_id"": ""SANCTIONS-001"", ""rule_version"": ""v3.0"", ""evidence_hash"": ""767be5ac90bc297b4c13c13d518d4bab547192c0010d7afdcc7001ce7bb4dbb9"", ""application_id"": ""APEX-COMMERCIAL-022"", ""evaluation_timestamp"": ""2026-03-30 09:21:17.316290+00:00""}","{""correlation_id"": ""corr-ea1bfd60-3034-4732-9189-dc6229183bea"", ""schema_version"": 1}","2026-03-30 12:21:17.317271+03"
"97a356a9-149b-4b67-9a31-cc8fec9966da","compliance-APEX-COMMERCIAL-022","5","385","ComplianceClearanceIssued",1,"{""issued_at"": ""2026-03-30 09:21:17.322368+00:00"", ""checks_passed"": [""AML-001"", ""KYC-001"", ""SANCTIONS-001""], ""application_id"": ""APEX-COMMERCIAL-022"", ""issuing_agent_id"": ""agent-compliance-001"", ""regulation_set_version"": ""REG-2026-Q1""}","{""correlation_id"": ""corr-da5f44f3-b5ca-4668-b38e-86c498ec17a0"", ""schema_version"": 1}","2026-03-30 12:21:17.323172+03"
"fb79c41a-94f6-4777-ac85-7b36c0d72cf0","loan-APEX-COMMERCIAL-022","6","386","ComplianceClearanceIssued",1,"{""issued_at"": ""2026-03-30 09:21:17.322368+00:00"", ""checks_passed"": [""AML-001"", ""KYC-001"", ""SANCTIONS-001""], ""application_id"": ""APEX-COMMERCIAL-022"", ""issuing_agent_id"": ""agent-compliance-001"", ""regulation_set_version"": ""REG-2026-Q1""}","{""correlation_id"": ""corr-da5f44f3-b5ca-4668-b38e-86c498ec17a0"", ""schema_version"": 1}","2026-03-30 12:21:17.325592+03"
"f743b577-4038-4794-81aa-c7ead39cc85b","agent-agent-orch-0022-sess-orch-0022","1","387","AgentContextLoaded",1,"{""agent_id"": ""agent-orch-0022"", ""loaded_at"": ""2026-03-30 09:21:17.326533+00:00"", ""session_id"": ""sess-orch-0022"", ""model_version"": ""orch-v1.0"", ""context_source"": ""fresh"", ""context_token_count"": 2048, ""event_replay_from_position"": 0}","{""correlation_id"": ""corr-d913afc2-723f-4a07-bdf6-9eaf10e82c12"", ""schema_version"": 1}","2026-03-30 12:21:17.326929+03"
"e4d8b86d-e1ee-42bf-b4f8-abadfdb8f909","loan-APEX-COMMERCIAL-022","7","388","DecisionGenerated",2,"{""generated_at"": ""2026-03-30 09:21:17.331073+00:00"", ""application_id"": ""APEX-COMMERCIAL-022"", ""model_versions"": {""credit"": ""credit-v2.1"", ""orchestrator"": ""orch-v1.0""}, ""recommendation"": ""APPROVE"", ""confidence_score"": 0.78, ""orchestrator_agent_id"": ""agent-orch-0022"", ""decision_basis_summary"": ""Synthetic bulk simulation for dashboard."", ""contributing_agent_sessions"": [""agent-agent-credit-0022-sess-credit-0022""]}","{""correlation_id"": ""corr-d7698544-ef98-47a3-830e-208191d53dd4"", ""schema_version"": 2}","2026-03-30 12:21:17.331494+03"
"ca459aef-a88f-42bc-a7f2-e5c2d747e075","agent-agent-credit-0023-sess-credit-0023","1","389","AgentContextLoaded",1,"{""agent_id"": ""agent-credit-0023"", ""loaded_at"": ""2026-03-30 09:21:17.332783+00:00"", ""session_id"": ""sess-credit-0023"", ""model_version"": ""credit-v2.1"", ""context_source"": ""fresh"", ""context_token_count"": 4096, ""event_replay_from_position"": 0}","{""correlation_id"": ""corr-9a3c3819-eda4-4fb1-a2f0-385f26b425a6"", ""schema_version"": 1}","2026-03-30 12:21:17.333823+03"
"4a6891ed-e657-47c3-bb3f-7c3fb09d381a","loan-APEX-COMMERCIAL-023","1","390","ApplicationSubmitted",1,"{""applicant_id"": ""borrower-0023"", ""loan_purpose"": ""Working capital"", ""submitted_at"": ""2026-03-30 09:21:17.336436+00:00"", ""application_id"": ""APEX-COMMERCIAL-023"", ""submission_channel"": ""broker"", ""requested_amount_usd"": ""671224.0""}","{""correlation_id"": ""corr-3037591c-36ad-475f-a191-d19f81cdfd9b"", ""schema_version"": 1}","2026-03-30 12:21:17.337122+03"
"5f855456-ff9e-44c9-bc01-1926a396e680","loan-APEX-COMMERCIAL-023","2","391","CreditAnalysisRequested",1,"{""priority"": ""HIGH"", ""requested_at"": ""2026-03-30 09:21:17.343248+00:00"", ""application_id"": ""APEX-COMMERCIAL-023"", ""assigned_agent_id"": ""agent-credit-0023""}","{""correlation_id"": ""corr-5f230e0d-5b52-4d16-b536-94b585949431"", ""schema_version"": 1}","2026-03-30 12:21:17.343972+03"
"85561b0b-e3f8-4aa2-bfd0-109baf146fe2","agent-agent-credit-0023-sess-credit-0023","2","392","CreditAnalysisCompleted",2,"{""agent_id"": ""agent-credit-0023"", ""risk_tier"": ""LOW"", ""session_id"": ""sess-credit-0023"", ""completed_at"": ""2026-03-30 09:21:17.346511+00:00"", ""model_version"": ""credit-v2.1"", ""application_id"": ""APEX-COMMERCIAL-023"", ""input_data_hash"": ""b76c2b39215c89187c0ecf4640b6a6381e869982cac1a4704b4cf2ff705ec51e"", ""confidence_score"": 0.84, ""regulatory_basis"": ""REG-2026-Q1"", ""analysis_duration_ms"": 914, ""recommended_limit_usd"": ""608074.72""}","{""causation_id"": ""corr-199b91f4-1618-4b3a-b50b-b5af5326a3c7"", ""correlation_id"": ""corr-199b91f4-1618-4b3a-b50b-b5af5326a3c7"", ""schema_version"": 2}","2026-03-30 12:21:17.346908+03"
"3fbd3223-484c-4466-920e-c488c8b0e257","loan-APEX-COMMERCIAL-023","3","393","CreditAnalysisCompleted",2,"{""agent_id"": ""agent-credit-0023"", ""risk_tier"": ""LOW"", ""session_id"": ""sess-credit-0023"", ""completed_at"": ""2026-03-30 09:21:17.346511+00:00"", ""model_version"": ""credit-v2.1"", ""application_id"": ""APEX-COMMERCIAL-023"", ""input_data_hash"": ""b76c2b39215c89187c0ecf4640b6a6381e869982cac1a4704b4cf2ff705ec51e"", ""confidence_score"": 0.84, ""regulatory_basis"": ""REG-2026-Q1"", ""analysis_duration_ms"": 914, ""recommended_limit_usd"": ""608074.72""}","{""causation_id"": ""corr-199b91f4-1618-4b3a-b50b-b5af5326a3c7"", ""correlation_id"": ""corr-199b91f4-1618-4b3a-b50b-b5af5326a3c7"", ""schema_version"": 2}","2026-03-30 12:21:17.348126+03"
"e26ca09c-6844-44df-993c-2f5720782a60","agent-agent-credit-0023-sess-credit-0023","3","394","FraudScreeningCompleted",1,"{""agent_id"": ""agent-credit-0023"", ""fraud_score"": 0.028, ""screened_at"": ""2026-03-30 09:21:17.351376+00:00"", ""anomaly_flags"": [], ""application_id"": ""APEX-COMMERCIAL-023"", ""input_data_hash"": ""3069df1d628e9aa0cc00258396b78515a0c4d8e3e8870727f9ff98bfc66f40cf"", ""screening_model_version"": ""fraud-v3.1""}","{""correlation_id"": ""corr-c8ba6295-54ac-4a36-89b5-7fa1e4ad9f5e"", ""schema_version"": 1}","2026-03-30 12:21:17.352603+03"
"2b163e90-bf99-4293-916a-9fbd96945018","loan-APEX-COMMERCIAL-023","4","395","FraudScreeningCompleted",1,"{""agent_id"": ""agent-credit-0023"", ""fraud_score"": 0.028, ""screened_at"": ""2026-03-30 09:21:17.351376+00:00"", ""anomaly_flags"": [], ""application_id"": ""APEX-COMMERCIAL-023"", ""input_data_hash"": ""3069df1d628e9aa0cc00258396b78515a0c4d8e3e8870727f9ff98bfc66f40cf"", ""screening_model_version"": ""fraud-v3.1""}","{""correlation_id"": ""corr-c8ba6295-54ac-4a36-89b5-7fa1e4ad9f5e"", ""schema_version"": 1}","2026-03-30 12:21:17.358169+03"
"35547d66-c6d7-42df-b5c2-42d60ec048cd","compliance-APEX-COMMERCIAL-023","1","396","ComplianceCheckRequested",1,"{""requested_at"": ""2026-03-30 09:21:17.360749+00:00"", ""application_id"": ""APEX-COMMERCIAL-023"", ""checks_required"": [""AML-001"", ""KYC-001"", ""SANCTIONS-001""], ""regulation_set_version"": ""REG-2026-Q1""}","{""correlation_id"": ""corr-86500394-e13f-4b5b-8b41-17ff131b611f"", ""schema_version"": 1}","2026-03-30 12:21:17.361599+03"
"66837c06-8db6-41de-b529-268f74c54a32","loan-APEX-COMMERCIAL-023","5","397","ComplianceCheckRequested",1,"{""requested_at"": ""2026-03-30 09:21:17.360749+00:00"", ""application_id"": ""APEX-COMMERCIAL-023"", ""checks_required"": [""AML-001"", ""KYC-001"", ""SANCTIONS-001""], ""regulation_set_version"": ""REG-2026-Q1""}","{""correlation_id"": ""corr-86500394-e13f-4b5b-8b41-17ff131b611f"", ""schema_version"": 1}","2026-03-30 12:21:17.363383+03"
"cd860e89-d938-469a-988c-d901c431c2c8","compliance-APEX-COMMERCIAL-023","2","398","ComplianceRulePassed",1,"{""rule_id"": ""AML-001"", ""rule_version"": ""v2.1"", ""evidence_hash"": ""2a1d303eba97bce4aeab10fdf0e07aaa8ec6fb52aae7b41c87a0433d516dc4cf"", ""application_id"": ""APEX-COMMERCIAL-023"", ""evaluation_timestamp"": ""2026-03-30 09:21:17.364902+00:00""}","{""correlation_id"": ""corr-ae88ccb3-5b8a-4213-a62a-8bcff30f265b"", ""schema_version"": 1}","2026-03-30 12:21:17.365474+03"
"c9b5d3a2-004c-46dc-9b5d-d5f6d185e6ea","compliance-APEX-COMMERCIAL-023","3","399","ComplianceRulePassed",1,"{""rule_id"": ""KYC-001"", ""rule_version"": ""v1.8"", ""evidence_hash"": ""b85f07ff8461cb9245f93a4a332341d5366a9d10d36b76cd1e7640473feb46f6"", ""application_id"": ""APEX-COMMERCIAL-023"", ""evaluation_timestamp"": ""2026-03-30 09:21:17.368610+00:00""}","{""correlation_id"": ""corr-1ec18527-688a-4c43-bdc6-b38f5bf7377a"", ""schema_version"": 1}","2026-03-30 12:21:17.369694+03"
"97941f9f-384a-42c7-bac9-cfac178c7599","compliance-APEX-COMMERCIAL-023","4","400","ComplianceRulePassed",1,"{""rule_id"": ""SANCTIONS-001"", ""rule_version"": ""v3.0"", ""evidence_hash"": ""767be5ac90bc297b4c13c13d518d4bab547192c0010d7afdcc7001ce7bb4dbb9"", ""application_id"": ""APEX-COMMERCIAL-023"", ""evaluation_timestamp"": ""2026-03-30 09:21:17.373389+00:00""}","{""correlation_id"": ""corr-858d2089-321a-4934-8225-922fbae9fe72"", ""schema_version"": 1}","2026-03-30 12:21:17.375636+03"
"5a80714e-a804-4758-98fa-e4164edc989f","compliance-APEX-COMMERCIAL-023","5","401","ComplianceClearanceIssued",1,"{""issued_at"": ""2026-03-30 09:21:17.378460+00:00"", ""checks_passed"": [""AML-001"", ""KYC-001"", ""SANCTIONS-001""], ""application_id"": ""APEX-COMMERCIAL-023"", ""issuing_agent_id"": ""agent-compliance-001"", ""regulation_set_version"": ""REG-2026-Q1""}","{""correlation_id"": ""corr-8ff86bdc-032f-4770-9cfb-3fe071997e74"", ""schema_version"": 1}","2026-03-30 12:21:17.378899+03"
"5da70757-a984-480c-9957-d9dd7eae9df1","loan-APEX-COMMERCIAL-023","6","402","ComplianceClearanceIssued",1,"{""issued_at"": ""2026-03-30 09:21:17.378460+00:00"", ""checks_passed"": [""AML-001"", ""KYC-001"", ""SANCTIONS-001""], ""application_id"": ""APEX-COMMERCIAL-023"", ""issuing_agent_id"": ""agent-compliance-001"", ""regulation_set_version"": ""REG-2026-Q1""}","{""correlation_id"": ""corr-8ff86bdc-032f-4770-9cfb-3fe071997e74"", ""schema_version"": 1}","2026-03-30 12:21:17.381681+03"
"b8b110b1-0bcb-409a-964f-52db7127471e","agent-agent-orch-0023-sess-orch-0023","1","403","AgentContextLoaded",1,"{""agent_id"": ""agent-orch-0023"", ""loaded_at"": ""2026-03-30 09:21:17.383487+00:00"", ""session_id"": ""sess-orch-0023"", ""model_version"": ""orch-v1.0"", ""context_source"": ""fresh"", ""context_token_count"": 2048, ""event_replay_from_position"": 0}","{""correlation_id"": ""corr-9ffdcc6c-b701-4f0c-a550-aec743e22a58"", ""schema_version"": 1}","2026-03-30 12:21:17.385521+03"
"7c8153d8-9fc4-47b0-8422-2422ceec4eb5","loan-APEX-COMMERCIAL-023","7","404","DecisionGenerated",2,"{""generated_at"": ""2026-03-30 09:21:17.392682+00:00"", ""application_id"": ""APEX-COMMERCIAL-023"", ""model_versions"": {""credit"": ""credit-v2.1"", ""orchestrator"": ""orch-v1.0""}, ""recommendation"": ""APPROVE"", ""confidence_score"": 0.84, ""orchestrator_agent_id"": ""agent-orch-0023"", ""decision_basis_summary"": ""Synthetic bulk simulation for dashboard."", ""contributing_agent_sessions"": [""agent-agent-credit-0023-sess-credit-0023""]}","{""correlation_id"": ""corr-81ca13c2-5d0f-4c4d-aad9-c91598323dd2"", ""schema_version"": 2}","2026-03-30 12:21:17.393136+03"
"54bd7e05-b8ee-490a-bac6-3ce251463c11","agent-agent-credit-0024-sess-credit-0024","1","405","AgentContextLoaded",1,"{""agent_id"": ""agent-credit-0024"", ""loaded_at"": ""2026-03-30 09:21:17.394586+00:00"", ""session_id"": ""sess-credit-0024"", ""model_version"": ""credit-v2.1"", ""context_source"": ""fresh"", ""context_token_count"": 4096, ""event_replay_from_position"": 0}","{""correlation_id"": ""corr-bb7fcecf-fae9-4121-bc84-ee19a5236a4a"", ""schema_version"": 1}","2026-03-30 12:21:17.395183+03"
"3d8b46cb-f813-4b64-a45a-5fd3b0a79d38","loan-APEX-COMMERCIAL-024","1","406","ApplicationSubmitted",1,"{""applicant_id"": ""borrower-0024"", ""loan_purpose"": ""Working capital"", ""submitted_at"": ""2026-03-30 09:21:17.396945+00:00"", ""application_id"": ""APEX-COMMERCIAL-024"", ""submission_channel"": ""broker"", ""requested_amount_usd"": ""1523518.0""}","{""correlation_id"": ""corr-04bfa7cd-0d9c-415d-a149-db1cdfbba83a"", ""schema_version"": 1}","2026-03-30 12:21:17.397386+03"
"62288901-82ad-4a86-b5e7-84f3b1885580","loan-APEX-COMMERCIAL-024","2","407","CreditAnalysisRequested",1,"{""priority"": ""HIGH"", ""requested_at"": ""2026-03-30 09:21:17.399437+00:00"", ""application_id"": ""APEX-COMMERCIAL-024"", ""assigned_agent_id"": ""agent-credit-0024""}","{""correlation_id"": ""corr-50679096-703b-4a95-8f8a-8a9c9491b8fa"", ""schema_version"": 1}","2026-03-30 12:21:17.39991+03"
"cf41047b-05b4-4c26-8174-4c65eeaa06dd","agent-agent-credit-0024-sess-credit-0024","2","408","CreditAnalysisCompleted",2,"{""agent_id"": ""agent-credit-0024"", ""risk_tier"": ""LOW"", ""session_id"": ""sess-credit-0024"", ""completed_at"": ""2026-03-30 09:21:17.403773+00:00"", ""model_version"": ""credit-v2.1"", ""application_id"": ""APEX-COMMERCIAL-024"", ""input_data_hash"": ""e806e2d66523cc67daa5f97e997edb14723b914e6a463fb7ee48537aedb3609a"", ""confidence_score"": 0.69, ""regulatory_basis"": ""REG-2026-Q1"", ""analysis_duration_ms"": 1952, ""recommended_limit_usd"": ""1309428.88""}","{""causation_id"": ""corr-08c4f908-17e6-48a0-8f30-3c4bd0315972"", ""correlation_id"": ""corr-08c4f908-17e6-48a0-8f30-3c4bd0315972"", ""schema_version"": 2}","2026-03-30 12:21:17.404961+03"
"ed754523-4f80-49ce-ada3-5976d1363075","loan-APEX-COMMERCIAL-024","3","409","CreditAnalysisCompleted",2,"{""agent_id"": ""agent-credit-0024"", ""risk_tier"": ""LOW"", ""session_id"": ""sess-credit-0024"", ""completed_at"": ""2026-03-30 09:21:17.403773+00:00"", ""model_version"": ""credit-v2.1"", ""application_id"": ""APEX-COMMERCIAL-024"", ""input_data_hash"": ""e806e2d66523cc67daa5f97e997edb14723b914e6a463fb7ee48537aedb3609a"", ""confidence_score"": 0.69, ""regulatory_basis"": ""REG-2026-Q1"", ""analysis_duration_ms"": 1952, ""recommended_limit_usd"": ""1309428.88""}","{""causation_id"": ""corr-08c4f908-17e6-48a0-8f30-3c4bd0315972"", ""correlation_id"": ""corr-08c4f908-17e6-48a0-8f30-3c4bd0315972"", ""schema_version"": 2}","2026-03-30 12:21:17.410091+03"
"c94b3f52-b374-4242-92e5-87b3aa822ac7","agent-agent-credit-0024-sess-credit-0024","3","410","FraudScreeningCompleted",1,"{""agent_id"": ""agent-credit-0024"", ""fraud_score"": 0.067, ""screened_at"": ""2026-03-30 09:21:17.414435+00:00"", ""anomaly_flags"": [], ""application_id"": ""APEX-COMMERCIAL-024"", ""input_data_hash"": ""e4b5d8bd0920da505970bba731286956141f16d654cfc6ec514726b590b7c4a2"", ""screening_model_version"": ""fraud-v3.1""}","{""correlation_id"": ""corr-a4f44a7f-4337-4e64-bc48-f432f4000cf5"", ""schema_version"": 1}","2026-03-30 12:21:17.415407+03"
"8e036f82-ff60-44bc-861a-6368bdf215ae","loan-APEX-COMMERCIAL-024","4","411","FraudScreeningCompleted",1,"{""agent_id"": ""agent-credit-0024"", ""fraud_score"": 0.067, ""screened_at"": ""2026-03-30 09:21:17.414435+00:00"", ""anomaly_flags"": [], ""application_id"": ""APEX-COMMERCIAL-024"", ""input_data_hash"": ""e4b5d8bd0920da505970bba731286956141f16d654cfc6ec514726b590b7c4a2"", ""screening_model_version"": ""fraud-v3.1""}","{""correlation_id"": ""corr-a4f44a7f-4337-4e64-bc48-f432f4000cf5"", ""schema_version"": 1}","2026-03-30 12:21:17.421738+03"
"1357cc19-0b5e-4f3e-80da-ccbd649fdbb6","compliance-APEX-COMMERCIAL-024","1","412","ComplianceCheckRequested",1,"{""requested_at"": ""2026-03-30 09:21:17.428661+00:00"", ""application_id"": ""APEX-COMMERCIAL-024"", ""checks_required"": [""AML-001"", ""KYC-001"", ""SANCTIONS-001""], ""regulation_set_version"": ""REG-2026-Q1""}","{""correlation_id"": ""corr-6b8eeb17-182e-43da-8153-798fddadde4d"", ""schema_version"": 1}","2026-03-30 12:21:17.429504+03"
"622189cc-f8e6-4a9f-8441-2a1ab529fd21","loan-APEX-COMMERCIAL-024","5","413","ComplianceCheckRequested",1,"{""requested_at"": ""2026-03-30 09:21:17.428661+00:00"", ""application_id"": ""APEX-COMMERCIAL-024"", ""checks_required"": [""AML-001"", ""KYC-001"", ""SANCTIONS-001""], ""regulation_set_version"": ""REG-2026-Q1""}","{""correlation_id"": ""corr-6b8eeb17-182e-43da-8153-798fddadde4d"", ""schema_version"": 1}","2026-03-30 12:21:17.433062+03"
"ef0069d1-d0c6-488b-aa39-aeb15b7603ee","compliance-APEX-COMMERCIAL-024","2","414","ComplianceRulePassed",1,"{""rule_id"": ""AML-001"", ""rule_version"": ""v2.1"", ""evidence_hash"": ""2a1d303eba97bce4aeab10fdf0e07aaa8ec6fb52aae7b41c87a0433d516dc4cf"", ""application_id"": ""APEX-COMMERCIAL-024"", ""evaluation_timestamp"": ""2026-03-30 09:21:17.437216+00:00""}","{""correlation_id"": ""corr-da538b5d-5d35-4efb-bc18-2c9b932f1978"", ""schema_version"": 1}","2026-03-30 12:21:17.437966+03"
"3e096652-4dad-49e6-8a42-e6523c131824","compliance-APEX-COMMERCIAL-024","3","415","ComplianceRulePassed",1,"{""rule_id"": ""KYC-001"", ""rule_version"": ""v1.8"", ""evidence_hash"": ""b85f07ff8461cb9245f93a4a332341d5366a9d10d36b76cd1e7640473feb46f6"", ""application_id"": ""APEX-COMMERCIAL-024"", ""evaluation_timestamp"": ""2026-03-30 09:21:17.443076+00:00""}","{""correlation_id"": ""corr-1436a705-8d60-47e0-becf-1408dbfd5078"", ""schema_version"": 1}","2026-03-30 12:21:17.443931+03"
"16a1302f-7350-48d0-8385-f40f26967ae9","compliance-APEX-COMMERCIAL-024","4","416","ComplianceRulePassed",1,"{""rule_id"": ""SANCTIONS-001"", ""rule_version"": ""v3.0"", ""evidence_hash"": ""767be5ac90bc297b4c13c13d518d4bab547192c0010d7afdcc7001ce7bb4dbb9"", ""application_id"": ""APEX-COMMERCIAL-024"", ""evaluation_timestamp"": ""2026-03-30 09:21:17.447603+00:00""}","{""correlation_id"": ""corr-1806d2fa-cf31-4a08-a4f8-18d8657baa63"", ""schema_version"": 1}","2026-03-30 12:21:17.448366+03"
"5863a262-3dc8-4238-980b-9f6570b28537","compliance-APEX-COMMERCIAL-024","5","417","ComplianceClearanceIssued",1,"{""issued_at"": ""2026-03-30 09:21:17.451449+00:00"", ""checks_passed"": [""AML-001"", ""KYC-001"", ""SANCTIONS-001""], ""application_id"": ""APEX-COMMERCIAL-024"", ""issuing_agent_id"": ""agent-compliance-001"", ""regulation_set_version"": ""REG-2026-Q1""}","{""correlation_id"": ""corr-376ca81e-dea9-4f78-9db7-4f14a2a0aa7b"", ""schema_version"": 1}","2026-03-30 12:21:17.452301+03"
"22b519e1-8918-412f-b2c5-c8e4dee396d2","loan-APEX-COMMERCIAL-024","6","418","ComplianceClearanceIssued",1,"{""issued_at"": ""2026-03-30 09:21:17.451449+00:00"", ""checks_passed"": [""AML-001"", ""KYC-001"", ""SANCTIONS-001""], ""application_id"": ""APEX-COMMERCIAL-024"", ""issuing_agent_id"": ""agent-compliance-001"", ""regulation_set_version"": ""REG-2026-Q1""}","{""correlation_id"": ""corr-376ca81e-dea9-4f78-9db7-4f14a2a0aa7b"", ""schema_version"": 1}","2026-03-30 12:21:17.457198+03"
"b1926264-f894-45fc-8aea-9f7ca711522b","agent-agent-orch-0024-sess-orch-0024","1","419","AgentContextLoaded",1,"{""agent_id"": ""agent-orch-0024"", ""loaded_at"": ""2026-03-30 09:21:17.458715+00:00"", ""session_id"": ""sess-orch-0024"", ""model_version"": ""orch-v1.0"", ""context_source"": ""fresh"", ""context_token_count"": 2048, ""event_replay_from_position"": 0}","{""correlation_id"": ""corr-160ced68-622d-49e2-9b94-56c5b4379d06"", ""schema_version"": 1}","2026-03-30 12:21:17.459133+03"
"af43c990-817d-475c-bd89-a00b8b3049be","loan-APEX-COMMERCIAL-024","7","420","DecisionGenerated",2,"{""generated_at"": ""2026-03-30 09:21:17.463386+00:00"", ""application_id"": ""APEX-COMMERCIAL-024"", ""model_versions"": {""credit"": ""credit-v2.1"", ""orchestrator"": ""orch-v1.0""}, ""recommendation"": ""APPROVE"", ""confidence_score"": 0.69, ""orchestrator_agent_id"": ""agent-orch-0024"", ""decision_basis_summary"": ""Synthetic bulk simulation for dashboard."", ""contributing_agent_sessions"": [""agent-agent-credit-0024-sess-credit-0024""]}","{""correlation_id"": ""corr-1b6fad97-407b-4790-88ef-c5aa00d9ba85"", ""schema_version"": 2}","2026-03-30 12:21:17.463825+03"
"50957f39-b8c7-4ef8-be7a-ec112a11a363","loan-APEX-COMMERCIAL-024","8","421","HumanReviewCompleted",1,"{""override"": false, ""reviewed_at"": ""2026-03-30 09:21:17.466141+00:00"", ""reviewer_id"": ""officer-0024"", ""application_id"": ""APEX-COMMERCIAL-024"", ""final_decision"": ""APPROVE"", ""override_reason"": null}","{""correlation_id"": ""corr-ad036e33-ddac-4e1d-a029-3fb143ea5161"", ""schema_version"": 1}","2026-03-30 12:21:17.467084+03"
"9de78b00-f944-4165-ad64-552f54d965e6","loan-APEX-COMMERCIAL-024","9","422","ApplicationApproved",1,"{""conditions"": [], ""approved_by"": ""officer-0024"", ""interest_rate"": 0.0, ""application_id"": ""APEX-COMMERCIAL-024"", ""effective_date"": ""2026-03-30 09:21:17.466154+00:00"", ""approved_amount_usd"": ""1309428.88""}","{""correlation_id"": ""corr-ad036e33-ddac-4e1d-a029-3fb143ea5161"", ""schema_version"": 1}","2026-03-30 12:21:17.46822+03"
"e729cf9f-4b97-4269-b0a1-e55892bd4fce","agent-agent-credit-0025-sess-credit-0025","1","423","AgentContextLoaded",1,"{""agent_id"": ""agent-credit-0025"", ""loaded_at"": ""2026-03-30 09:21:17.473031+00:00"", ""session_id"": ""sess-credit-0025"", ""model_version"": ""credit-v2.1"", ""context_source"": ""fresh"", ""context_token_count"": 4096, ""event_replay_from_position"": 0}","{""correlation_id"": ""corr-f2e64f7d-6c43-4f2d-879f-288b858986f6"", ""schema_version"": 1}","2026-03-30 12:21:17.473589+03"
"fe9a36a6-a0f0-4e9d-8d09-22391084ab5a","loan-APEX-COMMERCIAL-025","2","425","CreditAnalysisRequested",1,"{""priority"": ""HIGH"", ""requested_at"": ""2026-03-30 09:21:17.482052+00:00"", ""application_id"": ""APEX-COMMERCIAL-025"", ""assigned_agent_id"": ""agent-credit-0025""}","{""correlation_id"": ""corr-e87a2034-69c2-4305-9da0-dfc1c0491c8f"", ""schema_version"": 1}","2026-03-30 12:21:17.4826+03"
"9ae16b58-9b08-463a-8680-07370e444322","agent-agent-credit-0025-sess-credit-0025","2","426","CreditAnalysisCompleted",2,"{""agent_id"": ""agent-credit-0025"", ""risk_tier"": ""MEDIUM"", ""session_id"": ""sess-credit-0025"", ""completed_at"": ""2026-03-30 09:21:17.486901+00:00"", ""model_version"": ""credit-v2.1"", ""application_id"": ""APEX-COMMERCIAL-025"", ""input_data_hash"": ""6b6aaa443e0b27d900b5dfcf935bd3e244d6920287d23476eeb7d1c249dca22f"", ""confidence_score"": 0.93, ""regulatory_basis"": ""REG-2026-Q1"", ""analysis_duration_ms"": 1397, ""recommended_limit_usd"": ""586772.41""}","{""causation_id"": ""corr-12f904bb-fd25-4582-882a-289647b88a1f"", ""correlation_id"": ""corr-12f904bb-fd25-4582-882a-289647b88a1f"", ""schema_version"": 2}","2026-03-30 12:21:17.488854+03"
"348ea239-5846-4bb2-8dcb-3bf7d74e907d","loan-APEX-COMMERCIAL-025","3","427","CreditAnalysisCompleted",2,"{""agent_id"": ""agent-credit-0025"", ""risk_tier"": ""MEDIUM"", ""session_id"": ""sess-credit-0025"", ""completed_at"": ""2026-03-30 09:21:17.486901+00:00"", ""model_version"": ""credit-v2.1"", ""application_id"": ""APEX-COMMERCIAL-025"", ""input_data_hash"": ""6b6aaa443e0b27d900b5dfcf935bd3e244d6920287d23476eeb7d1c249dca22f"", ""confidence_score"": 0.93, ""regulatory_basis"": ""REG-2026-Q1"", ""analysis_duration_ms"": 1397, ""recommended_limit_usd"": ""586772.41""}","{""causation_id"": ""corr-12f904bb-fd25-4582-882a-289647b88a1f"", ""correlation_id"": ""corr-12f904bb-fd25-4582-882a-289647b88a1f"", ""schema_version"": 2}","2026-03-30 12:21:17.491668+03"
"59cfd4f4-9cbd-4d16-8ec9-a4c9d8077714","agent-agent-credit-0025-sess-credit-0025","3","428","FraudScreeningCompleted",1,"{""agent_id"": ""agent-credit-0025"", ""fraud_score"": 0.618, ""screened_at"": ""2026-03-30 09:21:17.495112+00:00"", ""anomaly_flags"": [], ""application_id"": ""APEX-COMMERCIAL-025"", ""input_data_hash"": ""75c49da5c7d8d341c6cf05fe9845485c250931678c03f923b46eedbf1fdd91e4"", ""screening_model_version"": ""fraud-v3.1""}","{""correlation_id"": ""corr-33e1623f-4a29-4b93-9c3d-c82b714e6f12"", ""schema_version"": 1}","2026-03-30 12:21:17.495525+03"
"cf547c23-1b1a-49f6-af2b-9076cdc31d0e","loan-APEX-COMMERCIAL-025","4","429","FraudScreeningCompleted",1,"{""agent_id"": ""agent-credit-0025"", ""fraud_score"": 0.618, ""screened_at"": ""2026-03-30 09:21:17.495112+00:00"", ""anomaly_flags"": [], ""application_id"": ""APEX-COMMERCIAL-025"", ""input_data_hash"": ""75c49da5c7d8d341c6cf05fe9845485c250931678c03f923b46eedbf1fdd91e4"", ""screening_model_version"": ""fraud-v3.1""}","{""correlation_id"": ""corr-33e1623f-4a29-4b93-9c3d-c82b714e6f12"", ""schema_version"": 1}","2026-03-30 12:21:17.49735+03"
"c1aef75b-7936-44f5-87d3-af8bbd03011f","compliance-APEX-COMMERCIAL-025","1","430","ComplianceCheckRequested",1,"{""requested_at"": ""2026-03-30 09:21:17.499193+00:00"", ""application_id"": ""APEX-COMMERCIAL-025"", ""checks_required"": [""AML-001"", ""KYC-001"", ""SANCTIONS-001""], ""regulation_set_version"": ""REG-2026-Q1""}","{""correlation_id"": ""corr-77a61a19-33c1-4528-a538-b58b31e83316"", ""schema_version"": 1}","2026-03-30 12:21:17.50021+03"
"ce6a98be-7a76-4852-b55f-c8141ae9848e","loan-APEX-COMMERCIAL-025","5","431","ComplianceCheckRequested",1,"{""requested_at"": ""2026-03-30 09:21:17.499193+00:00"", ""application_id"": ""APEX-COMMERCIAL-025"", ""checks_required"": [""AML-001"", ""KYC-001"", ""SANCTIONS-001""], ""regulation_set_version"": ""REG-2026-Q1""}","{""correlation_id"": ""corr-77a61a19-33c1-4528-a538-b58b31e83316"", ""schema_version"": 1}","2026-03-30 12:21:17.503704+03"
"21b53120-8111-4a3e-937f-a7ed7de8ddce","compliance-APEX-COMMERCIAL-025","2","432","ComplianceRulePassed",1,"{""rule_id"": ""AML-001"", ""rule_version"": ""v2.1"", ""evidence_hash"": ""2a1d303eba97bce4aeab10fdf0e07aaa8ec6fb52aae7b41c87a0433d516dc4cf"", ""application_id"": ""APEX-COMMERCIAL-025"", ""evaluation_timestamp"": ""2026-03-30 09:21:17.506832+00:00""}","{""correlation_id"": ""corr-b660ce1f-e264-4ff0-a4b5-a3a60a8ac045"", ""schema_version"": 1}","2026-03-30 12:21:17.507784+03"
"5719dc71-5161-490a-aeae-899351734599","compliance-APEX-COMMERCIAL-025","3","433","ComplianceRulePassed",1,"{""rule_id"": ""KYC-001"", ""rule_version"": ""v1.8"", ""evidence_hash"": ""b85f07ff8461cb9245f93a4a332341d5366a9d10d36b76cd1e7640473feb46f6"", ""application_id"": ""APEX-COMMERCIAL-025"", ""evaluation_timestamp"": ""2026-03-30 09:21:17.510663+00:00""}","{""correlation_id"": ""corr-642260b2-148c-4d0e-84d3-bcb8dc79894a"", ""schema_version"": 1}","2026-03-30 12:21:17.512114+03"
"4ca691c6-1de2-4dc3-960a-844352265145","compliance-APEX-COMMERCIAL-025","4","434","ComplianceRulePassed",1,"{""rule_id"": ""SANCTIONS-001"", ""rule_version"": ""v3.0"", ""evidence_hash"": ""767be5ac90bc297b4c13c13d518d4bab547192c0010d7afdcc7001ce7bb4dbb9"", ""application_id"": ""APEX-COMMERCIAL-025"", ""evaluation_timestamp"": ""2026-03-30 09:21:17.514553+00:00""}","{""correlation_id"": ""corr-aa350e4b-88ff-4ebd-922a-f39ee58ba872"", ""schema_version"": 1}","2026-03-30 12:21:17.514961+03"
"0c5812ee-9de5-4a0b-b9bf-03bdb74606e2","compliance-APEX-COMMERCIAL-025","5","435","ComplianceClearanceIssued",1,"{""issued_at"": ""2026-03-30 09:21:17.516498+00:00"", ""checks_passed"": [""AML-001"", ""KYC-001"", ""SANCTIONS-001""], ""application_id"": ""APEX-COMMERCIAL-025"", ""issuing_agent_id"": ""agent-compliance-001"", ""regulation_set_version"": ""REG-2026-Q1""}","{""correlation_id"": ""corr-b50757b2-0161-4cf7-a37a-9f1df1748df5"", ""schema_version"": 1}","2026-03-30 12:21:17.517797+03"
"cd3cb4ea-eede-4092-a3c7-f1b108ad1c52","loan-APEX-COMMERCIAL-025","6","436","ComplianceClearanceIssued",1,"{""issued_at"": ""2026-03-30 09:21:17.516498+00:00"", ""checks_passed"": [""AML-001"", ""KYC-001"", ""SANCTIONS-001""], ""application_id"": ""APEX-COMMERCIAL-025"", ""issuing_agent_id"": ""agent-compliance-001"", ""regulation_set_version"": ""REG-2026-Q1""}","{""correlation_id"": ""corr-b50757b2-0161-4cf7-a37a-9f1df1748df5"", ""schema_version"": 1}","2026-03-30 12:21:17.52265+03"
"be21d41d-c25a-4ef0-b3cc-aef1a35f4baf","agent-agent-orch-0025-sess-orch-0025","1","437","AgentContextLoaded",1,"{""agent_id"": ""agent-orch-0025"", ""loaded_at"": ""2026-03-30 09:21:17.524213+00:00"", ""session_id"": ""sess-orch-0025"", ""model_version"": ""orch-v1.0"", ""context_source"": ""fresh"", ""context_token_count"": 2048, ""event_replay_from_position"": 0}","{""correlation_id"": ""corr-9005a9ca-588a-45c4-8dc9-e275eaf07107"", ""schema_version"": 1}","2026-03-30 12:21:17.524879+03"
"2a285966-7d9d-4915-aeb9-1e2712cec76b","loan-APEX-COMMERCIAL-025","7","438","DecisionGenerated",2,"{""generated_at"": ""2026-03-30 09:21:17.529177+00:00"", ""application_id"": ""APEX-COMMERCIAL-025"", ""model_versions"": {""credit"": ""credit-v2.1"", ""orchestrator"": ""orch-v1.0""}, ""recommendation"": ""APPROVE"", ""confidence_score"": 0.93, ""orchestrator_agent_id"": ""agent-orch-0025"", ""decision_basis_summary"": ""Synthetic bulk simulation for dashboard."", ""contributing_agent_sessions"": [""agent-agent-credit-0025-sess-credit-0025""]}","{""correlation_id"": ""corr-df565c72-ea94-47c4-8ef6-9dcd72a2c18b"", ""schema_version"": 2}","2026-03-30 12:21:17.529889+03"
"66e4df7c-f019-484d-816a-1452be008f40","loan-APEX-COMMERCIAL-025","8","439","HumanReviewCompleted",1,"{""override"": false, ""reviewed_at"": ""2026-03-30 09:21:17.532808+00:00"", ""reviewer_id"": ""officer-0025"", ""application_id"": ""APEX-COMMERCIAL-025"", ""final_decision"": ""APPROVE"", ""override_reason"": null}","{""correlation_id"": ""corr-68dd0d4b-c8b3-4378-a75e-20984319d6cc"", ""schema_version"": 1}","2026-03-30 12:21:17.533534+03"
"2c3b7641-a778-4278-b1e5-f3670f5f4635","loan-APEX-COMMERCIAL-025","9","440","ApplicationApproved",1,"{""conditions"": [], ""approved_by"": ""officer-0025"", ""interest_rate"": 0.0, ""application_id"": ""APEX-COMMERCIAL-025"", ""effective_date"": ""2026-03-30 09:21:17.532822+00:00"", ""approved_amount_usd"": ""586772.41""}","{""correlation_id"": ""corr-68dd0d4b-c8b3-4378-a75e-20984319d6cc"", ""schema_version"": 1}","2026-03-30 12:21:17.534371+03"
"a6c98949-0c11-49d1-a0d9-09e05ec3e325","audit-LoanApplication-APEX-COMMERCIAL-025","1","441","AuditIntegrityCheckRun",1,"{""entity_id"": ""APEX-COMMERCIAL-025"", ""chain_valid"": true, ""entity_type"": ""LoanApplication"", ""previous_hash"": ""0000000000000000000000000000000000000000000000000000000000000000"", ""integrity_hash"": ""685d0c78766928f693238ce286f32c518b6118aa0de50384c2265aa22913eebc"", ""check_timestamp"": ""2026-03-30 09:25:43.342677+00:00"", ""tamper_detected"": false, ""events_verified_count"": 9}","{""schema_version"": 1}","2026-03-30 12:25:43.346721+03"
"40e583e5-1d1b-49fc-9dc3-edf0703a3890","loan-APEX-COMMERCIAL-025","1","424","ApplicationSubmitted",1,"{""TAMPERED_BY"": ""demo_bad_actor"", ""modified_at"": ""2026-03-30T09:25:50.224543+00:00"", ""applicant_id"": ""borrower-0025"", ""loan_purpose"": ""Working capital"", ""submitted_at"": ""2026-03-30 09:21:17.476305+00:00"", ""application_id"": ""APEX-COMMERCIAL-025"", ""submission_channel"": ""broker"", ""requested_amount_usd"": ""649287.0""}","{""correlation_id"": ""corr-924190d7-4289-4a83-8385-978a818b15f1"", ""schema_version"": 1}","2026-03-30 12:21:17.477678+03"
"0b18ae1f-1713-46c6-8520-b30ccfeaaed5","audit-LoanApplication-APEX-COMMERCIAL-025","2","442","AuditIntegrityCheckRun",1,"{""entity_id"": ""APEX-COMMERCIAL-025"", ""chain_valid"": false, ""entity_type"": ""LoanApplication"", ""previous_hash"": ""685d0c78766928f693238ce286f32c518b6118aa0de50384c2265aa22913eebc"", ""integrity_hash"": ""290493b1890c859d06225c3fd1e2dbc9ec3ff8ac1df9a93a0cda799ba5528b12"", ""check_timestamp"": ""2026-03-30 09:25:55.963667+00:00"", ""tamper_detected"": true, ""events_verified_count"": 9}","{""schema_version"": 1}","2026-03-30 12:25:55.966299+03"
